data/proc_calib/msm142_2026/cal_dip/castM4/13840_cal_dip_data_time.cnv
* Sea-Bird SBE37SM-RS232  Data File:
* FileName = Z:\MSM142\Moorings\UHH\data\proc_calib\msm142_2026\cal_dip\castM4.1-needs_new_name\13840_cal_dip_data.hex
* Software version SeatermV2 2.8.0.119
* Temperature SN = 13840
* Conductivity SN = 13840
* System UpLoad Time = Apr 03 2026 14:56:13
* sample interval = 10 seconds
* <ApplicationData>
# nquan = 8
# nvalues = 642                                   
# units = specified
# name 0 = scan: Scan Count
# name 1 = prdM: Pressure, Strain Gauge [db]
# name 2 = tv290C: Temperature [ITS-90, deg C]
# name 3 = cond0mS/cm: Conductivity [mS/cm]
# name 4 = timeS: Time, Elapsed [seconds]
# name 5 = timeJV2: Time, Instrument [julian days]
# name 6 = sal00: Salinity, Practical [PSU]
# name 7 = flag:  0.000e+00
# span 0 =          1,        642                 
# span 1 =     -0.817,   2030.686                 
# span 2 =    -2.0941,    14.5506                 
# span 3 =   0.000170,  34.075990                 
# span 4 =      0.000,   6410.000                 
# span 5 =  93.156262,  93.230451                 
# span 6 =    -0.0035,    34.9257                 
# span 7 = 0.0000e+00, 0.0000e+00                 
# interval = seconds: 10
# start_time = Apr 03 2026 03:45:01 [Instrument's time stamp, first data scan]
# bad_flag = -9.990e-29
*END*
          1   1950.531     3.4167  32.815604      0.000  93.156262    34.9257  0.000e+00
          2   1960.082     3.4107  32.805547     10.000  93.156377    34.9155  0.000e+00
          3   1972.352     3.4040  32.804824     20.000  93.156493    34.9159  0.000e+00
          4   1982.247     3.3923  32.798874     30.000  93.156609    34.9164  0.000e+00
          5   1993.584     3.3839  32.797210     40.000  93.156725    34.9179  0.000e+00
          6   2002.991     3.3823  32.799057     50.000  93.156840    34.9172  0.000e+00
          7   2013.469     3.3760  32.797742     60.000  93.156956    34.9173  0.000e+00
          8   2023.290     3.3662  32.794021     70.000  93.157072    34.9186  0.000e+00
          9   2025.502     3.3575  32.786699     80.000  93.157188    34.9179  0.000e+00
         10   2025.490     3.3544  32.783827     90.000  93.157303    34.9178  0.000e+00
         11   2024.863     3.3535  32.782359    100.000  93.157419    34.9173  0.000e+00
         12   2023.879     3.3529  32.781066    110.000  93.157535    34.9168  0.000e+00
         13   2024.656     3.3513  32.780013    120.000  93.157650    34.9169  0.000e+00
         14   2025.057     3.3513  32.779897    130.000  93.157766    34.9166  0.000e+00
         15   2025.947     3.3510  32.780310    140.000  93.157882    34.9170  0.000e+00
         16   2025.415     3.3511  32.779547    150.000  93.157998    34.9162  0.000e+00
         17   2027.094     3.3505  32.779669    160.000  93.158113    34.9162  0.000e+00
         18   2025.446     3.3506  32.779429    170.000  93.158229    34.9166  0.000e+00
         19   2024.337     3.3508  32.778957    180.000  93.158345    34.9164  0.000e+00
         20   2024.844     3.3511  32.779369    190.000  93.158461    34.9163  0.000e+00
         21   2025.947     3.3511  32.779783    200.000  93.158576    34.9162  0.000e+00
         22   2027.828     3.3498  32.779847    210.000  93.158692    34.9168  0.000e+00
         23   2027.489     3.3497  32.779612    220.000  93.158808    34.9168  0.000e+00
         24   2028.517     3.3495  32.779381    230.000  93.158924    34.9163  0.000e+00
         25   2028.003     3.3489  32.778851    240.000  93.159039    34.9165  0.000e+00
         26   2029.413     3.3495  32.779325    250.000  93.159155    34.9158  0.000e+00
         27   2028.755     3.3490  32.778854    260.000  93.159271    34.9160  0.000e+00
         28   2027.207     3.3490  32.778556    270.000  93.159387    34.9164  0.000e+00
         29   2026.123     3.3489  32.777790    280.000  93.159502    34.9161  0.000e+00
         30   2025.709     3.3492  32.777672    290.000  93.159618    34.9159  0.000e+00
         31   2025.283     3.3491  32.777729    300.000  93.159734    34.9163  0.000e+00
         32   2025.127     3.3486  32.777377    310.000  93.159850    34.9165  0.000e+00
         33   2025.540     3.3488  32.777612    320.000  93.159965    34.9163  0.000e+00
         34   2025.954     3.3489  32.778024    330.000  93.160081    34.9165  0.000e+00
         35   2026.436     3.3488  32.777908    340.000  93.160197    34.9162  0.000e+00
         36   2026.737     3.3486  32.777968    350.000  93.160313    34.9164  0.000e+00
         37   2026.844     3.3489  32.778027    360.000  93.160428    34.9161  0.000e+00
         38   2027.351     3.3487  32.778439    370.000  93.160544    34.9165  0.000e+00
         39   2026.248     3.3489  32.778201    380.000  93.160660    34.9166  0.000e+00
         40   2026.581     3.3485  32.778026    390.000  93.160775    34.9166  0.000e+00
         41   2028.912     3.3486  32.778972    400.000  93.160891    34.9165  0.000e+00
         42   2027.471     3.3487  32.778615    410.000  93.161007    34.9166  0.000e+00
         43   2027.113     3.3482  32.778145    420.000  93.161123    34.9168  0.000e+00
         44   2027.640     3.3477  32.777971    430.000  93.161238    34.9168  0.000e+00
         45   2027.145     3.3481  32.777852    440.000  93.161354    34.9165  0.000e+00
         46   2027.076     3.3479  32.777617    450.000  93.161470    34.9165  0.000e+00
         47   2026.280     3.3479  32.777439    460.000  93.161586    34.9166  0.000e+00
         48   2026.556     3.3479  32.777440    470.000  93.161701    34.9166  0.000e+00
         49   2029.765     3.3468  32.777919    480.000  93.161817    34.9167  0.000e+00
         50   2028.887     3.3451  32.776099    490.000  93.161933    34.9168  0.000e+00
         51   2028.542     3.3470  32.777505    500.000  93.162049    34.9166  0.000e+00
         52   2028.110     3.3461  32.776624    510.000  93.162164    34.9167  0.000e+00
         53   2026.549     3.3471  32.776619    520.000  93.162280    34.9164  0.000e+00
         54   2028.505     3.3457  32.776391    530.000  93.162396    34.9167  0.000e+00
         55   2028.499     3.3457  32.776450    540.000  93.162512    34.9168  0.000e+00
         56   2030.686     3.3443  32.776457    550.000  93.162627    34.9172  0.000e+00
         57   2028.987     3.3444  32.775806    560.000  93.162743    34.9171  0.000e+00
         58   2030.184     3.3441  32.775751    570.000  93.162859    34.9168  0.000e+00
         59   2028.617     3.3447  32.775571    580.000  93.162975    34.9167  0.000e+00
         60   2025.822     3.3451  32.774800    590.000  93.163090    34.9167  0.000e+00
         61   2021.573     3.3463  32.773907    600.000  93.163206    34.9164  0.000e+00
         62   2017.330     3.3469  32.772721    610.000  93.163322    34.9164  0.000e+00
         63   2016.672     3.3487  32.773364    620.000  93.163438    34.9156  0.000e+00
         64   2017.775     3.3509  32.775770    630.000  93.163553    34.9156  0.000e+00
         65   2016.835     3.3511  32.775885    640.000  93.163669    34.9160  0.000e+00
         66   2017.920     3.3514  32.776709    650.000  93.163785    34.9162  0.000e+00
         67   2018.296     3.3516  32.776710    660.000  93.163900    34.9158  0.000e+00
         68   2019.173     3.3510  32.777006    670.000  93.164016    34.9163  0.000e+00
         69   2020.176     3.3513  32.777654    680.000  93.164132    34.9162  0.000e+00
         70   2019.468     3.3518  32.777652    690.000  93.164248    34.9161  0.000e+00
         71   2019.994     3.3514  32.777712    700.000  93.164363    34.9163  0.000e+00
         72   2019.355     3.3519  32.777710    710.000  93.164479    34.9161  0.000e+00
         73   2016.622     3.3524  32.776998    720.000  93.164595    34.9161  0.000e+00
         74   2018.008     3.3524  32.777647    730.000  93.164711    34.9161  0.000e+00
         75   2016.046     3.3527  32.777289    740.000  93.164826    34.9163  0.000e+00
         76   2014.548     3.3528  32.776757    750.000  93.164942    34.9163  0.000e+00
         77   2008.820     3.3541  32.775273    760.000  93.165058    34.9159  0.000e+00
         78   2000.685     3.3600  32.776713    770.000  93.165174    34.9153  0.000e+00
         79   1991.586     3.3716  32.782604    780.000  93.165289    34.9144  0.000e+00
         80   1980.117     3.3759  32.781220    790.000  93.165405    34.9137  0.000e+00
         81   1968.938     3.3849  32.784291    800.000  93.165521    34.9132  0.000e+00
         82   1958.003     3.3927  32.785604    810.000  93.165637    34.9119  0.000e+00
         83   1948.001     3.4016  32.789032    820.000  93.165752    34.9113  0.000e+00
         84   1939.297     3.4103  32.792404    830.000  93.165868    34.9103  0.000e+00
         85   1929.103     3.4219  32.797883    840.000  93.165984    34.9094  0.000e+00
         86   1919.572     3.4287  32.800902    850.000  93.166100    34.9105  0.000e+00
         87   1908.186     3.4305  32.797817    860.000  93.166215    34.9103  0.000e+00
         88   1898.029     3.4369  32.798840    870.000  93.166331    34.9097  0.000e+00
         89   1888.393     3.4394  32.797343    880.000  93.166447    34.9099  0.000e+00
         90   1879.201     3.4421  32.796024    890.000  93.166562    34.9099  0.000e+00
         91   1869.138     3.4497  32.798161    900.000  93.166678    34.9094  0.000e+00
         92   1860.292     3.4537  32.797606    910.000  93.166794    34.9087  0.000e+00
         93   1848.018     3.4631  32.801261    920.000  93.166910    34.9091  0.000e+00
         94   1839.097     3.4681  32.802170    930.000  93.167025    34.9092  0.000e+00
         95   1830.889     3.4683  32.798802    940.000  93.167141    34.9090  0.000e+00
         96   1820.520     3.4779  32.802580    950.000  93.167257    34.9083  0.000e+00
         97   1810.046     3.4871  32.806065    960.000  93.167373    34.9078  0.000e+00
         98   1800.548     3.4881  32.801871    970.000  93.167488    34.9064  0.000e+00
         99   1790.800     3.4904  32.799847    980.000  93.167604    34.9063  0.000e+00
        100   1779.085     3.4932  32.796174    990.000  93.167720    34.9047  0.000e+00
        101   1768.811     3.4952  32.792858   1000.000  93.167836    34.9036  0.000e+00
        102   1758.681     3.5008  32.793529   1010.000  93.167951    34.9035  0.000e+00
        103   1749.424     3.4962  32.784236   1020.000  93.168067    34.9018  0.000e+00
        104   1740.848     3.4955  32.778405   1030.000  93.168183    34.8998  0.000e+00
        105   1731.746     3.4943  32.773276   1040.000  93.168299    34.8994  0.000e+00
        106   1724.035     3.4918  32.766569   1050.000  93.168414    34.8977  0.000e+00
        107   1711.220     3.4959  32.764946   1060.000  93.168530    34.8978  0.000e+00
        108   1700.965     3.4999  32.764796   1070.000  93.168646    34.8983  0.000e+00
        109   1691.213     3.5039  32.763769   1080.000  93.168762    34.8977  0.000e+00
        110   1681.768     3.5036  32.758933   1090.000  93.168877    34.8969  0.000e+00
        111   1671.007     3.5065  32.756613   1100.000  93.168993    34.8963  0.000e+00
        112   1661.756     3.5114  32.755939   1110.000  93.169109    34.8948  0.000e+00
        113   1653.007     3.5112  32.751984   1120.000  93.169225    34.8947  0.000e+00
        114   1642.140     3.5114  32.747789   1130.000  93.169340    34.8948  0.000e+00
        115   1632.540     3.5063  32.737622   1140.000  93.169456    34.8929  0.000e+00
        116   1623.251     3.5044  32.731850   1150.000  93.169572    34.8925  0.000e+00
        117   1613.293     3.5036  32.726722   1160.000  93.169687    34.8922  0.000e+00
        118   1602.008     3.5004  32.718074   1170.000  93.169803    34.8908  0.000e+00
        119   1593.842     3.4993  32.713128   1180.000  93.169919    34.8901  0.000e+00
        120   1584.022     3.5010  32.709699   1190.000  93.170035    34.8891  0.000e+00
        121   1575.161     3.5072  32.710725   1200.000  93.170150    34.8881  0.000e+00
        122   1564.546     3.5071  32.704951   1210.000  93.170266    34.8866  0.000e+00
        123   1555.178     3.5056  32.698889   1220.000  93.170382    34.8856  0.000e+00
        124   1544.752     3.5212  32.708578   1230.000  93.170498    34.8859  0.000e+00
        125   1534.407     3.5201  32.703743   1240.000  93.170613    34.8863  0.000e+00
        126   1524.620     3.5037  32.682981   1250.000  93.170729    34.8838  0.000e+00
        127   1523.550     3.4975  32.675425   1260.000  93.170845    34.8819  0.000e+00
        128   1522.554     3.4972  32.674367   1270.000  93.170961    34.8815  0.000e+00
        129   1522.077     3.4964  32.673312   1280.000  93.171076    34.8813  0.000e+00
        130   1520.274     3.4962  32.672194   1290.000  93.171192    34.8811  0.000e+00
        131   1521.064     3.4960  32.672314   1300.000  93.171308    34.8810  0.000e+00
        132   1520.981     3.4962  32.672957   1310.000  93.171424    34.8817  0.000e+00
        133   1520.950     3.4968  32.673250   1320.000  93.171539    34.8814  0.000e+00
        134   1522.190     3.4966  32.673488   1330.000  93.171655    34.8812  0.000e+00
        135   1521.739     3.4973  32.674072   1340.000  93.171771    34.8815  0.000e+00
        136   1519.586     3.4973  32.673070   1350.000  93.171887    34.8813  0.000e+00
        137   1520.349     3.4975  32.673658   1360.000  93.172002    34.8815  0.000e+00
        138   1519.674     3.4975  32.673012   1370.000  93.172118    34.8810  0.000e+00
        139   1520.449     3.4979  32.674009   1380.000  93.172234    34.8814  0.000e+00
        140   1519.329     3.4972  32.672835   1390.000  93.172350    34.8813  0.000e+00
        141   1519.829     3.4976  32.673422   1400.000  93.172465    34.8813  0.000e+00
        142   1519.502     3.4982  32.674124   1410.000  93.172581    34.8817  0.000e+00
        143   1519.879     3.4977  32.673891   1420.000  93.172697    34.8818  0.000e+00
        144   1519.785     3.4977  32.673656   1430.000  93.172813    34.8815  0.000e+00
        145   1520.655     3.4976  32.674010   1440.000  93.172928    34.8816  0.000e+00
        146   1519.460     3.4969  32.672426   1450.000  93.173044    34.8810  0.000e+00
        147   1517.442     3.4971  32.671658   1460.000  93.173160    34.8809  0.000e+00
        148   1518.413     3.4981  32.672891   1470.000  93.173275    34.8808  0.000e+00
        149   1519.679     3.4975  32.673363   1480.000  93.173391    34.8814  0.000e+00
        150   1518.483     3.4976  32.672715   1490.000  93.173507    34.8811  0.000e+00
        151   1520.155     3.4973  32.673072   1500.000  93.173623    34.8811  0.000e+00
        152   1521.288     3.4970  32.673251   1510.000  93.173738    34.8810  0.000e+00
        153   1522.395     3.4976  32.674484   1520.000  93.173854    34.8813  0.000e+00
        154   1521.927     3.4968  32.673546   1530.000  93.173970    34.8813  0.000e+00
        155   1520.767     3.4968  32.673132   1540.000  93.174086    34.8813  0.000e+00
        156   1519.428     3.4970  32.672425   1550.000  93.174201    34.8810  0.000e+00
        157   1519.265     3.4971  32.672542   1560.000  93.174317    34.8811  0.000e+00
        158   1521.168     3.4974  32.673602   1570.000  93.174433    34.8811  0.000e+00
        159   1519.929     3.4969  32.673188   1580.000  93.174549    34.8817  0.000e+00
        160   1519.177     3.4970  32.672717   1590.000  93.174664    34.8814  0.000e+00
        161   1519.609     3.4968  32.672836   1600.000  93.174780    34.8815  0.000e+00
        162   1519.321     3.4970  32.672835   1610.000  93.174896    34.8815  0.000e+00
        163   1519.660     3.4971  32.673129   1620.000  93.175012    34.8816  0.000e+00
        164   1521.620     3.4972  32.673838   1630.000  93.175127    34.8813  0.000e+00
        165   1520.329     3.4979  32.673951   1640.000  93.175243    34.8814  0.000e+00
        166   1520.059     3.4976  32.673481   1650.000  93.175359    34.8813  0.000e+00
        167   1522.289     3.4973  32.674367   1660.000  93.175475    34.8815  0.000e+00
        168   1522.692     3.4975  32.674602   1670.000  93.175590    34.8813  0.000e+00
        169   1522.320     3.4975  32.674074   1680.000  93.175706    34.8810  0.000e+00
        170   1522.597     3.4972  32.674133   1690.000  93.175822    34.8813  0.000e+00
        171   1521.444     3.4972  32.673427   1700.000  93.175938    34.8809  0.000e+00
        172   1521.307     3.4974  32.673544   1710.000  93.176053    34.8809  0.000e+00
        173   1521.050     3.4976  32.673660   1720.000  93.176169    34.8810  0.000e+00
        174   1520.992     3.4976  32.674011   1730.000  93.176285    34.8814  0.000e+00
        175   1519.339     3.4982  32.673772   1740.000  93.176400    34.8814  0.000e+00
        176   1520.781     3.4976  32.673776   1750.000  93.176516    34.8813  0.000e+00
        177   1520.787     3.4979  32.674011   1760.000  93.176632    34.8813  0.000e+00
        178   1514.776     3.4991  32.672352   1770.000  93.176748    34.8810  0.000e+00
        179   1504.769     3.5046  32.672496   1780.000  93.176863    34.8802  0.000e+00
