data/proc_calib/msm142_2026/cal_dip/castM4/13840_cal_dip_data_time.cnv
* Sea-Bird SBE37SM-RS232  Data File:
* FileName = Z:\MSM142\Moorings\UHH\data\proc_calib\msm142_2026\cal_dip\castM4.1-needs_new_name\13840_cal_dip_data.hex
* Software version SeatermV2 2.8.0.119
* Temperature SN = 13840
* Conductivity SN = 13840
* System UpLoad Time = Apr 03 2026 14:56:13
* sample interval = 10 seconds
* <ApplicationData>
# nquan = 8
# nvalues = 642                                   
# units = specified
# name 0 = scan: Scan Count
# name 1 = prdM: Pressure, Strain Gauge [db]
# name 2 = tv290C: Temperature [ITS-90, deg C]
# name 3 = cond0mS/cm: Conductivity [mS/cm]
# name 4 = timeS: Time, Elapsed [seconds]
# name 5 = timeJV2: Time, Instrument [julian days]
# name 6 = sal00: Salinity, Practical [PSU]
# name 7 = flag:  0.000e+00
# span 0 =          1,        642                 
# span 1 =     -0.817,   2030.686                 
# span 2 =    -2.0941,    14.5506                 
# span 3 =   0.000170,  34.075990                 
# span 4 =      0.000,   6410.000                 
# span 5 =  93.156262,  93.230451                 
# span 6 =    -0.0035,    34.9257                 
# span 7 = 0.0000e+00, 0.0000e+00                 
# interval = seconds: 10
# start_time = Apr 03 2026 03:45:01 [Instrument's time stamp, first data scan]
# bad_flag = -9.990e-29
*END*
[from data line 540]
        541     -0.504    -2.0941   0.000645   5400.000  93.218762    -0.0034  0.000e+00
        542     -0.516    -2.0757   0.000645   5410.000  93.218877    -0.0034  0.000e+00
        543     -0.544    -2.0740   0.000645   5420.000  93.218993    -0.0034  0.000e+00
        544     -0.554    -2.0746   0.000645   5430.000  93.219109    -0.0034  0.000e+00
        545     -0.585    -2.0672   0.000645   5440.000  93.219225    -0.0034  0.000e+00
        546     -0.594    -2.0585   0.000645   5450.000  93.219340    -0.0034  0.000e+00
        547     -0.613    -2.0481   0.000673   5460.000  93.219456    -0.0033  0.000e+00
        548     -0.629    -2.0372   0.000645   5470.000  93.219572    -0.0033  0.000e+00
        549     -0.644    -2.0247   0.000645   5480.000  93.219688    -0.0033  0.000e+00
        550     -0.651    -2.0118   0.000673   5490.000  93.219803    -0.0033  0.000e+00
        551     -0.666    -1.9971   0.000673   5500.000  93.219919    -0.0033  0.000e+00
        552     -0.676    -1.9833   0.000645   5510.000  93.220035    -0.0033  0.000e+00
        553     -0.682    -1.9683   0.000673   5520.000  93.220150    -0.0033  0.000e+00
        554     -0.691    -1.9520   0.000673   5530.000  93.220266    -0.0032  0.000e+00
        555     -0.707    -1.9345   0.000673   5540.000  93.220382    -0.0032  0.000e+00
        556     -0.707    -1.9155   0.000673   5550.000  93.220498    -0.0032  0.000e+00
        557     -0.719    -1.8954   0.000673   5560.000  93.220613    -0.0032  0.000e+00
        558     -0.719    -1.8742   0.000645   5570.000  93.220729    -0.0032  0.000e+00
        559     -0.729    -1.8513   0.000673   5580.000  93.220845    -0.0032  0.000e+00
        560     -0.729    -1.8273   0.000645   5590.000  93.220961    -0.0032  0.000e+00
        561     -0.732    -1.8016   0.000673   5600.000  93.221076    -0.0031  0.000e+00
        562     -0.735    -1.7739   0.000673   5610.000  93.221192    -0.0031  0.000e+00
        563     -0.747    -1.7431   0.000645   5620.000  93.221308    -0.0031  0.000e+00
        564     -0.735    -1.7105   0.000645   5630.000  93.221424    -0.0031  0.000e+00
        565     -0.750    -1.6722   0.000673   5640.000  93.221539    -0.0030  0.000e+00
        566     -0.747    -1.6286   0.000673   5650.000  93.221655    -0.0030  0.000e+00
        567     -0.750    -1.5868   0.000674   5660.000  93.221771    -0.0029  0.000e+00
        568     -0.750    -1.5312   0.000674   5670.000  93.221887    -0.0029  0.000e+00
        569     -0.747    -1.4535   0.000674   5680.000  93.222002    -0.0028  0.000e+00
        570     -0.757    -1.3577   0.000674   5690.000  93.222118    -0.0027  0.000e+00
        571     -0.763    -1.2590   0.000674   5700.000  93.222234    -0.0026  0.000e+00
        572     -0.754    -1.1416   0.000674   5710.000  93.222350    -0.0025  0.000e+00
        573     -0.757    -0.9288   0.000675   5720.000  93.222465    -0.0024  0.000e+00
        574     -0.747    -0.7120   0.000675   5730.000  93.222581    -0.0022  0.000e+00
        575     -0.760    -0.5283   0.000675   5740.000  93.222697    -0.0020  0.000e+00
        576     -0.754    -0.3889   0.000676   5750.000  93.222813    -0.0019  0.000e+00
        577     -0.760    -0.2573   0.000676   5760.000  93.222928    -0.0018  0.000e+00
        578     -0.757    -0.1160   0.000676   5770.000  93.223044    -0.0017  0.000e+00
        579     -0.741     0.0289   0.000676   5780.000  93.223160    -0.0016  0.000e+00
        580     -0.745     0.1677   0.000677   5790.000  93.223275    -0.0015  0.000e+00
        581     -0.748     0.3001   0.000677   5800.000  93.223391    -0.0014  0.000e+00
        582     -0.739     0.4290   0.000705   5810.000  93.223507    -0.0012  0.000e+00
        583     -0.720     0.5528   0.000677   5820.000  93.223623    -0.0011  0.000e+00
        584     -0.742     0.6702   0.000678   5830.000  93.223738    -0.0011  0.000e+00
        585     -0.733     0.7846   0.000678   5840.000  93.223854    -0.0010  0.000e+00
        586     -0.736     0.8958   0.000678   5850.000  93.223970    -0.0009  0.000e+00
        587     -0.730     1.0027   0.000678   5860.000  93.224086    -0.0008  0.000e+00
        588     -0.717     1.1156   0.000678   5870.000  93.224201    -0.0007  0.000e+00
        589     -0.730     1.2792   0.000679   5880.000  93.224317    -0.0006  0.000e+00
        590     -0.718     1.5148   0.000679   5890.000  93.224433    -0.0004  0.000e+00
        591     -0.733     2.2105   0.000652   5900.000  93.224549     0.0001  0.000e+00
        592     -0.727     3.4596   0.000655   5910.000  93.224664     0.0010  0.000e+00
        593     -0.740     3.4323   0.000655   5920.000  93.224780     0.0010  0.000e+00
        594     -0.728     4.8151   0.000685   5930.000  93.224896     0.0020  0.000e+00
        595     -0.746     4.7771   0.000657   5940.000  93.225012     0.0019  0.000e+00
        596     -0.750     4.8016   0.000629   5950.000  93.225127     0.0019  0.000e+00
        597     -0.753     4.9719   0.000657   5960.000  93.225243     0.0021  0.000e+00
        598     -0.766     5.1901   0.000630   5970.000  93.225359     0.0022  0.000e+00
        599     -0.776     7.0096   0.000661   5980.000  93.225475     0.0034  0.000e+00
        600     -0.773    11.9873   0.000614   5990.000  93.225590     0.0062  0.000e+00
        601     -0.817    13.0490   7.191682   6000.000  93.225706     5.2504  0.000e+00
        602     -0.745    14.5506   1.307114   6010.000  93.225822     0.8298  0.000e+00
        603     -0.734    13.7425   0.000561   6020.000  93.225938     0.0071  0.000e+00
        604     -0.738    13.0835   0.000588   6030.000  93.226053     0.0068  0.000e+00
        605     -0.748    12.4894   0.000587   6040.000  93.226169     0.0065  0.000e+00
        606     -0.746    12.0346   0.000586   6050.000  93.226285     0.0062  0.000e+00
        607     -0.766    11.6955   0.000613   6060.000  93.226400     0.0061  0.000e+00
        608     -0.771    11.4415   0.000585   6070.000  93.226516     0.0059  0.000e+00
        609     -0.760    11.2917   0.000585   6080.000  93.226632     0.0058  0.000e+00
        610     -0.752    11.1715   0.000584   6090.000  93.226748     0.0058  0.000e+00
        611     -0.786    11.0575   0.000640   6100.000  93.226863     0.0057  0.000e+00
        612     -0.782    11.0244   0.000640   6110.000  93.226979     0.0057  0.000e+00
        613     -0.759    11.0392   0.000640   6120.000  93.227095     0.0057  0.000e+00
        614     -0.748    11.0458   0.000640   6130.000  93.227211     0.0057  0.000e+00
        615     -0.763    11.0584   0.000640   6140.000  93.227326     0.0057  0.000e+00
        616     -0.762    11.0826   0.000640   6150.000  93.227442     0.0057  0.000e+00
        617     -0.743    11.1019   0.000612   6160.000  93.227558     0.0057  0.000e+00
        618     -0.739    11.1237   0.000640   6170.000  93.227674     0.0058  0.000e+00
        619     -0.728    11.1442   0.000612   6180.000  93.227789     0.0058  0.000e+00
        620     -0.728    11.1765   0.000612   6190.000  93.227905     0.0058  0.000e+00
        621     -0.727    11.2048   0.000612   6200.000  93.228021     0.0058  0.000e+00
        622     -0.720    11.2286   0.000612   6210.000  93.228137     0.0058  0.000e+00
        623     -0.701    11.2491   0.000612   6220.000  93.228252     0.0058  0.000e+00
        624     -0.703    11.2663   0.000641   6230.000  93.228368     0.0058  0.000e+00
        625     -0.699    11.2867   0.000613   6240.000  93.228484     0.0058  0.000e+00
        626     -0.692    11.3123   0.000613   6250.000  93.228600     0.0059  0.000e+00
        627     -0.688    11.3298   0.000613   6260.000  93.228715     0.0059  0.000e+00
        628     -0.682    11.3476   0.000613   6270.000  93.228831     0.0059  0.000e+00
        629     -0.671    11.3492   0.000585   6280.000  93.228947     0.0059  0.000e+00
        630     -0.661    11.3621   0.000585   6290.000  93.229062     0.0059  0.000e+00
        631     -0.663    11.3811   0.000585   6300.000  93.229178     0.0059  0.000e+00
        632     -0.653    11.3881   0.000585   6310.000  93.229294     0.0059  0.000e+00
        633     -0.655    11.3816   0.000585   6320.000  93.229410     0.0059  0.000e+00
        634     -0.651    11.3734   0.000585   6330.000  93.229525     0.0059  0.000e+00
        635     -0.653    11.3753   0.000585   6340.000  93.229641     0.0059  0.000e+00
        636     -0.639    11.3818   0.000585   6350.000  93.229757     0.0059  0.000e+00
        637     -0.641    11.3829   0.000585   6360.000  93.229873     0.0059  0.000e+00
        638     -0.619    11.3919   0.000585   6370.000  93.229988     0.0059  0.000e+00
        639     -0.629    11.3922   0.000557   6380.000  93.230104     0.0059  0.000e+00
        640     -0.615    11.3874   0.000585   6390.000  93.230220     0.0059  0.000e+00
        641     -0.661    11.3908   0.000585   6400.000  93.230336     0.0059  0.000e+00
        642     -0.614    11.3956   0.000585   6410.000  93.230451     0.0059  0.000e+00
