data/proc_calib/msm142_2026/cal_dip/castM4/13840_cal_dip_data_time.cnv
* Sea-Bird SBE37SM-RS232  Data File:
* FileName = Z:\MSM142\Moorings\UHH\data\proc_calib\msm142_2026\cal_dip\castM4.1-needs_new_name\13840_cal_dip_data.hex
* Software version SeatermV2 2.8.0.119
* Temperature SN = 13840
* Conductivity SN = 13840
* System UpLoad Time = Apr 03 2026 14:56:13
* sample interval = 10 seconds
* <ApplicationData>
# nquan = 8
# nvalues = 642                                   
# units = specified
# name 0 = scan: Scan Count
# name 1 = prdM: Pressure, Strain Gauge [db]
# name 2 = tv290C: Temperature [ITS-90, deg C]
# name 3 = cond0mS/cm: Conductivity [mS/cm]
# name 4 = timeS: Time, Elapsed [seconds]
# name 5 = timeJV2: Time, Instrument [julian days]
# name 6 = sal00: Salinity, Practical [PSU]
# name 7 = flag:  0.000e+00
# span 0 =          1,        642                 
# span 1 =     -0.817,   2030.686                 
# span 2 =    -2.0941,    14.5506                 
# span 3 =   0.000170,  34.075990                 
# span 4 =      0.000,   6410.000                 
# span 5 =  93.156262,  93.230451                 
# span 6 =    -0.0035,    34.9257                 
# span 7 = 0.0000e+00, 0.0000e+00                 
# interval = seconds: 10
# start_time = Apr 03 2026 03:45:01 [Instrument's time stamp, first data scan]
# bad_flag = -9.990e-29
*END*
[from data line 360]
        361    353.384     4.7797  33.314067   3600.000  93.197928    34.8797  0.000e+00
        362    352.649     4.7798  33.313533   3610.000  93.198044    34.8795  0.000e+00
        363    352.387     4.7799  33.313120   3620.000  93.198160    34.8790  0.000e+00
        364    354.211     4.7797  33.313892   3630.000  93.198275    34.8792  0.000e+00
        365    354.224     4.7793  33.313833   3640.000  93.198391    34.8795  0.000e+00
        366    354.714     4.7796  33.313658   3650.000  93.198507    34.8788  0.000e+00
        367    353.271     4.7796  33.313417   3660.000  93.198623    34.8792  0.000e+00
        368    351.627     4.7831  33.316303   3670.000  93.198738    34.8797  0.000e+00
        369    351.911     4.7813  33.314416   3680.000  93.198854    34.8793  0.000e+00
        370    352.523     4.7825  33.315539   3690.000  93.198970    34.8790  0.000e+00
        371    352.448     4.7789  33.312471   3700.000  93.199086    34.8793  0.000e+00
        372    352.255     4.7777  33.310642   3710.000  93.199201    34.8785  0.000e+00
        373    351.361     4.7815  33.314296   3720.000  93.199317    34.8793  0.000e+00
        374    351.536     4.7776  33.310285   3730.000  93.199433    34.8785  0.000e+00
        375    352.751     4.7800  33.313239   3740.000  93.199549    34.8788  0.000e+00
        376    352.920     4.7778  33.311647   3750.000  93.199664    34.8793  0.000e+00
        377    355.082     4.7732  33.307761   3760.000  93.199780    34.8784  0.000e+00
        378    354.701     4.7744  33.308172   3770.000  93.199896    34.8778  0.000e+00
        379    353.248     4.7723  33.305867   3780.000  93.200012    34.8781  0.000e+00
        380    353.472     4.7674  33.301267   3790.000  93.200127    34.8777  0.000e+00
        381    353.045     4.7691  33.302446   3800.000  93.200243    34.8775  0.000e+00
        382    353.447     4.7625  33.296136   3810.000  93.200359    34.8769  0.000e+00
        383    354.666     4.7618  33.295550   3820.000  93.200475    34.8763  0.000e+00
        384    353.495     4.7598  33.293129   3830.000  93.200590    34.8762  0.000e+00
        385    353.647     4.7563  33.289709   3840.000  93.200706    34.8759  0.000e+00
        386    353.029     4.7560  33.289589   3850.000  93.200822    34.8763  0.000e+00
        387    354.797     4.7497  33.283638   3860.000  93.200937    34.8751  0.000e+00
        388    353.050     4.7490  33.282159   3870.000  93.201053    34.8750  0.000e+00
        389    354.166     4.7477  33.281042   3880.000  93.201169    34.8745  0.000e+00
        390    353.400     4.7480  33.280686   3890.000  93.201285    34.8742  0.000e+00
        391    353.581     4.7439  33.276382   3900.000  93.201400    34.8733  0.000e+00
        392    354.141     4.7466  33.279627   3910.000  93.201516    34.8741  0.000e+00
        393    353.528     4.7469  33.279742   3920.000  93.201632    34.8742  0.000e+00
        394    353.088     4.7473  33.279741   3930.000  93.201748    34.8740  0.000e+00
        395    354.000     4.7479  33.280569   3940.000  93.201863    34.8738  0.000e+00
        396    352.238     4.7478  33.280033   3950.000  93.201979    34.8743  0.000e+00
        397    352.632     4.7478  33.279445   3960.000  93.202095    34.8733  0.000e+00
        398    351.407     4.7483  33.279736   3970.000  93.202211    34.8738  0.000e+00
        399    342.658     4.7433  33.270391   3980.000  93.202326    34.8728  0.000e+00
        400    333.791     4.7296  33.253208   3990.000  93.202442    34.8718  0.000e+00
        401    322.937     4.6751  33.192479   4000.000  93.202558    34.8639  0.000e+00
        402    314.770     4.6766  33.188448   4010.000  93.202674    34.8619  0.000e+00
        403    304.141     4.6815  33.188178   4020.000  93.202789    34.8620  0.000e+00
        404    293.118     4.6883  33.189261   4030.000  93.202905    34.8619  0.000e+00
        405    283.521     4.7062  33.202425   4040.000  93.203021    34.8636  0.000e+00
        406    273.171     4.7170  33.207694   4050.000  93.203137    34.8639  0.000e+00
        407    263.133     4.7690  33.256870   4060.000  93.203252    34.8719  0.000e+00
        408    252.496     4.8258  33.303476   4070.000  93.203368    34.8722  0.000e+00
        409    242.808     4.8738  33.347928   4080.000  93.203484    34.8786  0.000e+00
        410    232.031     4.9474  33.413067   4090.000  93.203600    34.8828  0.000e+00
        411    223.592     4.9754  33.441214   4100.000  93.203715    34.8906  0.000e+00
        412    213.175     4.9728  33.434092   4110.000  93.203831    34.8906  0.000e+00
        413    202.126     4.9179  33.371935   4120.000  93.203947    34.8818  0.000e+00
        414    191.625     4.9121  33.358030   4130.000  93.204063    34.8773  0.000e+00
        415    182.157     4.9559  33.398496   4140.000  93.204178    34.8833  0.000e+00
        416    172.261     4.9800  33.419251   4150.000  93.204294    34.8874  0.000e+00
        417    161.398     5.0006  33.424826   4160.000  93.204410    34.8780  0.000e+00
        418    151.311     5.0743  33.496291   4170.000  93.204525    34.8890  0.000e+00
        419    140.598     4.9189  33.341637   4180.000  93.204641    34.8780  0.000e+00
        420    129.773     5.0203  33.420765   4190.000  93.204757    34.8694  0.000e+00
        421    120.528     5.1283  33.525516   4200.000  93.204873    34.8825  0.000e+00
        422    110.768     5.3067  33.683872   4210.000  93.204988    34.8841  0.000e+00
        423    104.699     5.3777  33.756515   4220.000  93.205104    34.8968  0.000e+00
        424     98.746     5.4422  33.822218   4230.000  93.205220    34.9082  0.000e+00
        425     93.437     5.6020  33.971923   4240.000  93.205336    34.9161  0.000e+00
        426     88.030     5.7120  34.075990   4250.000  93.205451    34.9235  0.000e+00
        427     81.852     5.4086  33.765571   4260.000  93.205567    34.8870  0.000e+00
        428     76.893     4.9055  33.260862   4270.000  93.205683    34.8322  0.000e+00
        429     73.016     4.8502  33.201389   4280.000  93.205799    34.8229  0.000e+00
        430     67.732     4.2666  32.585947   4290.000  93.205914    34.7180  0.000e+00
        431     61.232     2.9062  31.091892   4300.000  93.206030    34.3703  0.000e+00
        432     55.769     1.0290  29.180856   4310.000  93.206146    34.0043  0.000e+00
        433     51.320     0.8640  28.966054   4320.000  93.206262    33.9102  0.000e+00
        434     47.229     0.8172  28.874809   4330.000  93.206377    33.8457  0.000e+00
        435     48.491     0.8400  28.887487   4340.000  93.206493    33.8365  0.000e+00
        436     48.620     0.8582  28.882739   4350.000  93.206609    33.8104  0.000e+00
        437     48.734     0.8237  28.842825   4360.000  93.206725    33.7963  0.000e+00
        438     48.126     0.8103  28.822957   4370.000  93.206840    33.7856  0.000e+00
        439     47.989     0.8004  28.806164   4380.000  93.206956    33.7747  0.000e+00
        440     49.080     0.8087  28.811689   4390.000  93.207072    33.7722  0.000e+00
        441     48.934     0.8102  28.810182   4400.000  93.207188    33.7687  0.000e+00
        442     49.285     0.8220  28.817435   4410.000  93.207303    33.7651  0.000e+00
        443     49.530     0.8269  28.826698   4420.000  93.207419    33.7715  0.000e+00
        444     50.157     0.8276  28.822236   4430.000  93.207535    33.7646  0.000e+00
        445     51.087     0.8293  28.826814   4440.000  93.207650    33.7681  0.000e+00
        446     51.873     0.8285  28.826760   4450.000  93.207766    33.7685  0.000e+00
        447     50.538     0.8256  28.822014   4460.000  93.207882    33.7662  0.000e+00
        448     50.627     0.8073  28.805612   4470.000  93.207998    33.7649  0.000e+00
        449     50.189     0.8133  28.811580   4480.000  93.208113    33.7664  0.000e+00
        450     49.956     0.8238  28.817214   4490.000  93.208229    33.7624  0.000e+00
        451     50.042     0.8287  28.823965   4500.000  93.208345    33.7658  0.000e+00
        452     49.194     0.8406  28.834509   4510.000  93.208461    33.7669  0.000e+00
        453     49.526     0.8673  28.862863   4520.000  93.208576    33.7743  0.000e+00
        454     49.250     0.8330  28.828706   4530.000  93.208692    33.7677  0.000e+00
        455     48.798     0.8545  28.850637   4540.000  93.208808    33.7729  0.000e+00
        456     49.158     0.8168  28.814534   4550.000  93.208924    33.7671  0.000e+00
        457     49.107     0.8079  28.805273   4560.000  93.209039    33.7647  0.000e+00
        458     49.204     0.7939  28.791832   4570.000  93.209155    33.7625  0.000e+00
        459     49.408     0.7937  28.790103   4580.000  93.209271    33.7605  0.000e+00
        460     49.046     0.7937  28.789600   4590.000  93.209387    33.7599  0.000e+00
        461     49.706     0.7946  28.790717   4600.000  93.209502    33.7600  0.000e+00
        462     48.346     0.7966  28.791717   4610.000  93.209618    33.7599  0.000e+00
        463     49.305     0.7943  28.790047   4620.000  93.209734    33.7598  0.000e+00
        464     49.346     0.7968  28.791943   4630.000  93.209850    33.7595  0.000e+00
        465     48.666     0.8028  28.797351   4640.000  93.209965    33.7603  0.000e+00
        466     48.420     0.8033  28.797239   4650.000  93.210081    33.7598  0.000e+00
        467     48.788     0.8081  28.801814   4660.000  93.210197    33.7602  0.000e+00
        468     49.089     0.8069  28.801592   4670.000  93.210313    33.7610  0.000e+00
        469     48.936     0.8151  28.809289   4680.000  93.210428    33.7622  0.000e+00
        470     47.922     0.8129  28.807390   4690.000  93.210544    33.7627  0.000e+00
        471     48.638     0.8142  28.809512   4700.000  93.210660    33.7637  0.000e+00
        472     49.391     0.8119  28.807282   4710.000  93.210775    33.7628  0.000e+00
        473     48.988     0.8189  28.813641   4720.000  93.210891    33.7637  0.000e+00
        474     47.833     0.8123  28.808952   4730.000  93.211007    33.7655  0.000e+00
        475     48.792     0.8003  28.796292   4740.000  93.211123    33.7616  0.000e+00
        476     48.789     0.8031  28.798133   4750.000  93.211238    33.7609  0.000e+00
        477     48.880     0.8000  28.795233   4760.000  93.211354    33.7605  0.000e+00
        478     48.846     0.7983  28.793448   4770.000  93.211470    33.7601  0.000e+00
        479     49.448     0.7992  28.794398   4780.000  93.211586    33.7600  0.000e+00
        480     49.077     0.7987  28.793281   4790.000  93.211701    33.7592  0.000e+00
        481     49.343     0.8000  28.794620   4800.000  93.211817    33.7595  0.000e+00
        482     51.089     0.8006  28.795741   4810.000  93.211933    33.7591  0.000e+00
        483     50.227     0.7979  28.793284   4820.000  93.212049    33.7595  0.000e+00
        484     49.712     0.7978  28.792948   4830.000  93.212164    33.7594  0.000e+00
        485     48.816     0.8001  28.794563   4840.000  93.212280    33.7595  0.000e+00
        486     47.292     0.8018  28.795507   4850.000  93.212396    33.7598  0.000e+00
        487     45.094     0.7996  28.792266   4860.000  93.212512    33.7593  0.000e+00
        488     43.586     0.8029  28.794939   4870.000  93.212627    33.7601  0.000e+00
        489     41.754     0.8006  28.792145   4880.000  93.212743    33.7600  0.000e+00
        490     39.618     0.8023  28.792418   4890.000  93.212859    33.7598  0.000e+00
        491     37.773     0.8016  28.791018   4900.000  93.212975    33.7598  0.000e+00
        492     31.173     0.8077  28.793566   4910.000  93.213090    33.7603  0.000e+00
        493     23.979     0.8058  28.789195   4920.000  93.213206    33.7610  0.000e+00
        494     15.677     0.8042  28.783930   4930.000  93.213322    33.7608  0.000e+00
        495      7.266     0.8009  28.776490   4940.000  93.213437    33.7597  0.000e+00
        496      1.914     0.7943  28.768669   4950.000  93.213553    33.7599  0.000e+00
        497     -0.574     0.4198   3.561226   4960.000  93.213669     3.5859  0.000e+00
        498     -0.568     0.4652   0.000453   4970.000  93.213785    -0.0014  0.000e+00
        499     -0.568     0.0892   0.000564   4980.000  93.213900    -0.0016  0.000e+00
        500     -0.583    -0.1198   0.000508   4990.000  93.214016    -0.0018  0.000e+00
        501     -0.589    -0.3867   0.000508   5000.000  93.214132    -0.0020  0.000e+00
        502     -0.586    -0.6249   0.000535   5010.000  93.214248    -0.0022  0.000e+00
        503     -0.579    -0.6803   0.000563   5020.000  93.214363    -0.0022  0.000e+00
        504     -0.560    -0.5773   0.000563   5030.000  93.214479    -0.0021  0.000e+00
        505     -0.572    -0.5574   0.000563   5040.000  93.214595    -0.0021  0.000e+00
        506     -0.556    -0.5929   0.000563   5050.000  93.214711    -0.0022  0.000e+00
        507     -0.555    -0.6643   0.000563   5060.000  93.214826    -0.0022  0.000e+00
        508     -0.533    -0.7377   0.000591   5070.000  93.214942    -0.0023  0.000e+00
        509     -0.545    -0.8910   0.000591   5080.000  93.215058    -0.0024  0.000e+00
        510     -0.548    -1.0430   0.000562   5090.000  93.215174    -0.0025  0.000e+00
        511     -0.547    -1.1401   0.000590   5100.000  93.215289    -0.0026  0.000e+00
        512     -0.538    -1.3040   0.000590   5110.000  93.215405    -0.0027  0.000e+00
        513     -0.553    -1.2833   0.000590   5120.000  93.215521    -0.0027  0.000e+00
        514     -0.540    -1.3898   0.000562   5130.000  93.215637    -0.0028  0.000e+00
        515     -0.534    -1.2212   0.000170   5140.000  93.215752    -0.0030  0.000e+00
        516     -0.549    -1.4101   0.000534   5150.000  93.215868    -0.0029  0.000e+00
        517     -0.546    -1.5181   0.000534   5160.000  93.215984    -0.0030  0.000e+00
        518     -0.555    -1.6162   0.000533   5170.000  93.216100    -0.0031  0.000e+00
        519     -0.555    -1.5983   0.000561   5180.000  93.216215    -0.0030  0.000e+00
        520     -0.561    -1.5262   0.000590   5190.000  93.216331    -0.0029  0.000e+00
        521     -0.554    -1.6385   0.000589   5200.000  93.216447    -0.0030  0.000e+00
        522     -0.557    -1.7113   0.000589   5210.000  93.216562    -0.0031  0.000e+00
        523     -0.548    -1.8093   0.000589   5220.000  93.216678    -0.0032  0.000e+00
        524     -0.542    -1.7229   0.000589   5230.000  93.216794    -0.0031  0.000e+00
        525     -0.539    -1.7905   0.000589   5240.000  93.216910    -0.0032  0.000e+00
        526     -0.563    -1.8490   0.000589   5250.000  93.217025    -0.0032  0.000e+00
        527     -0.554    -1.9002   0.000645   5260.000  93.217141    -0.0032  0.000e+00
        528     -0.554    -1.9422   0.000645   5270.000  93.217257    -0.0033  0.000e+00
        529     -0.541    -1.9765   0.000757   5280.000  93.217373    -0.0032  0.000e+00
        530     -0.548    -1.8771   0.000561   5290.000  93.217488    -0.0033  0.000e+00
        531     -0.538    -1.9749   0.000449   5300.000  93.217604    -0.0034  0.000e+00
        532     -0.541    -2.0258   0.000477   5310.000  93.217720    -0.0035  0.000e+00
        533     -0.538    -2.0331   0.000589   5320.000  93.217836    -0.0034  0.000e+00
        534     -0.529    -2.0453   0.000617   5330.000  93.217951    -0.0034  0.000e+00
        535     -0.529    -2.0334   0.000617   5340.000  93.218067    -0.0034  0.000e+00
        536     -0.541    -2.0503   0.000589   5350.000  93.218183    -0.0034  0.000e+00
        537     -0.535    -2.0587   0.000589   5360.000  93.218299    -0.0034  0.000e+00
        538     -0.551    -2.0647   0.000617   5370.000  93.218414    -0.0034  0.000e+00
        539     -0.548    -2.0735   0.000617   5380.000  93.218530    -0.0034  0.000e+00
