data/proc_calib/msm142_2026/cal_dip/castM4/13840_cal_dip_data_time.cnv
* Sea-Bird SBE37SM-RS232  Data File:
* FileName = Z:\MSM142\Moorings\UHH\data\proc_calib\msm142_2026\cal_dip\castM4.1-needs_new_name\13840_cal_dip_data.hex
* Software version SeatermV2 2.8.0.119
* Temperature SN = 13840
* Conductivity SN = 13840
* System UpLoad Time = Apr 03 2026 14:56:13
* sample interval = 10 seconds
* <ApplicationData>
# nquan = 8
# nvalues = 642                                   
# units = specified
# name 0 = scan: Scan Count
# name 1 = prdM: Pressure, Strain Gauge [db]
# name 2 = tv290C: Temperature [ITS-90, deg C]
# name 3 = cond0mS/cm: Conductivity [mS/cm]
# name 4 = timeS: Time, Elapsed [seconds]
# name 5 = timeJV2: Time, Instrument [julian days]
# name 6 = sal00: Salinity, Practical [PSU]
# name 7 = flag:  0.000e+00
# span 0 =          1,        642                 
# span 1 =     -0.817,   2030.686                 
# span 2 =    -2.0941,    14.5506                 
# span 3 =   0.000170,  34.075990                 
# span 4 =      0.000,   6410.000                 
# span 5 =  93.156262,  93.230451                 
# span 6 =    -0.0035,    34.9257                 
# span 7 = 0.0000e+00, 0.0000e+00                 
# interval = seconds: 10
# start_time = Apr 03 2026 03:45:01 [Instrument's time stamp, first data scan]
# bad_flag = -9.990e-29
*END*
[from data line 180]
        181   1486.122     3.5056  32.664065   1800.000  93.177095    34.8785  0.000e+00
        182   1475.127     3.5085  32.661747   1810.000  93.177211    34.8780  0.000e+00
        183   1464.316     3.5131  32.660952   1820.000  93.177326    34.8776  0.000e+00
        184   1457.247     3.5119  32.657007   1830.000  93.177442    34.8777  0.000e+00
        185   1446.433     3.5174  32.656505   1840.000  93.177558    34.8767  0.000e+00
        186   1436.392     3.5184  32.653488   1850.000  93.177674    34.8770  0.000e+00
        187   1426.982     3.5179  32.649068   1860.000  93.177789    34.8770  0.000e+00
        188   1416.827     3.5324  32.659396   1870.000  93.177905    34.8790  0.000e+00
        189   1406.354     3.5302  32.651461   1880.000  93.178021    34.8771  0.000e+00
        190   1396.694     3.5334  32.650201   1890.000  93.178137    34.8771  0.000e+00
        191   1386.822     3.5451  32.656316   1900.000  93.178252    34.8769  0.000e+00
        192   1377.367     3.5476  32.654530   1910.000  93.178368    34.8769  0.000e+00
        193   1366.644     3.5576  32.658008   1920.000  93.178484    34.8758  0.000e+00
        194   1358.374     3.5591  32.655991   1930.000  93.178600    34.8760  0.000e+00
        195   1348.252     3.5661  32.658593   1940.000  93.178715    34.8768  0.000e+00
        196   1338.157     3.5891  32.676885   1950.000  93.178831    34.8792  0.000e+00
        197   1327.534     3.5968  32.678959   1960.000  93.178947    34.8789  0.000e+00
        198   1316.040     3.6256  32.703283   1970.000  93.179063    34.8831  0.000e+00
        199   1306.701     3.6035  32.675966   1980.000  93.179178    34.8787  0.000e+00
        200   1296.386     3.6196  32.686941   1990.000  93.179294    34.8799  0.000e+00
        201   1287.643     3.6334  32.694877   2000.000  93.179410    34.8791  0.000e+00
        202   1276.296     3.6478  32.703801   2010.000  93.179525    34.8801  0.000e+00
        203   1265.817     3.6738  32.724855   2020.000  93.179641    34.8830  0.000e+00
        204   1255.364     3.6627  32.710002   2030.000  93.179757    34.8823  0.000e+00
        205   1246.051     3.6874  32.729186   2040.000  93.179873    34.8837  0.000e+00
        206   1236.230     3.7007  32.738001   2050.000  93.179988    34.8850  0.000e+00
        207   1226.105     3.6742  32.706746   2060.000  93.180104    34.8811  0.000e+00
        208   1215.566     3.6954  32.721707   2070.000  93.180220    34.8817  0.000e+00
        209   1205.397     3.7360  32.755717   2080.000  93.180336    34.8843  0.000e+00
        210   1195.196     3.7730  32.786163   2090.000  93.180451    34.8864  0.000e+00
        211   1184.580     3.8020  32.809641   2100.000  93.180567    34.8890  0.000e+00
        212   1175.037     3.8585  32.861876   2110.000  93.180683    34.8959  0.000e+00
        213   1164.386     3.9285  32.926060   2120.000  93.180799    34.9033  0.000e+00
        214   1155.721     3.9633  32.955281   2130.000  93.180914    34.9054  0.000e+00
        215   1146.871     3.9754  32.965710   2140.000  93.181030    34.9095  0.000e+00
        216   1136.634     3.9842  32.970436   2150.000  93.181146    34.9109  0.000e+00
        217   1126.440     3.9879  32.970697   2160.000  93.181262    34.9124  0.000e+00
        218   1114.693     3.9953  32.973127   2170.000  93.181377    34.9134  0.000e+00
        219   1105.095     3.9988  32.972274   2180.000  93.181493    34.9135  0.000e+00
        220   1095.960     4.0045  32.972832   2190.000  93.181609    34.9128  0.000e+00
        221   1087.963     4.0052  32.970633   2200.000  93.181725    34.9136  0.000e+00
        222   1077.475     3.9740  32.933886   2210.000  93.181840    34.9085  0.000e+00
        223   1066.269     3.8891  32.835539   2220.000  93.181956    34.8875  0.000e+00
        224   1054.606     3.8847  32.827114   2230.000  93.182072    34.8881  0.000e+00
        225   1046.054     3.8725  32.811545   2240.000  93.182187    34.8869  0.000e+00
        226   1035.778     3.7766  32.710709   2250.000  93.182303    34.8741  0.000e+00
        227   1025.850     3.7234  32.650253   2260.000  93.182419    34.8637  0.000e+00
        228   1015.877     3.7210  32.638399   2270.000  93.182535    34.8572  0.000e+00
        229   1006.606     3.7224  32.633805   2280.000  93.182650    34.8551  0.000e+00
        230    995.895     3.7280  32.632190   2290.000  93.182766    34.8527  0.000e+00
        231    986.023     3.7295  32.628590   2300.000  93.182882    34.8519  0.000e+00
        232    975.658     3.7357  32.629551   2310.000  93.182998    34.8519  0.000e+00
        233    967.062     3.7390  32.628529   2320.000  93.183113    34.8515  0.000e+00
        234    957.166     3.7388  32.622354   2330.000  93.183229    34.8495  0.000e+00
        235    946.623     3.7320  32.610210   2340.000  93.183345    34.8476  0.000e+00
        236    938.612     3.7303  32.605914   2350.000  93.183461    34.8485  0.000e+00
        237    928.235     3.7253  32.593832   2360.000  93.183576    34.8447  0.000e+00
        238    918.819     3.7242  32.586959   2370.000  93.183692    34.8427  0.000e+00
        239    911.037     3.7226  32.580501   2380.000  93.183808    34.8407  0.000e+00
        240    908.854     3.7247  32.581020   2390.000  93.183924    34.8402  0.000e+00
        241    907.968     3.7257  32.581661   2400.000  93.184039    34.8404  0.000e+00
        242    907.635     3.7277  32.583063   2410.000  93.184155    34.8400  0.000e+00
        243    905.739     3.7349  32.588555   2420.000  93.184271    34.8400  0.000e+00
        244    906.871     3.7380  32.592301   2430.000  93.184387    34.8405  0.000e+00
        245    908.491     3.7340  32.589909   2440.000  93.184502    34.8411  0.000e+00
        246    908.967     3.7345  32.590612   2450.000  93.184618    34.8411  0.000e+00
        247    909.893     3.7310  32.587632   2460.000  93.184734    34.8408  0.000e+00
        248    908.010     3.7343  32.589673   2470.000  93.184850    34.8408  0.000e+00
        249    908.006     3.7356  32.591194   2480.000  93.184965    34.8412  0.000e+00
        250    907.950     3.7361  32.591252   2490.000  93.185081    34.8407  0.000e+00
        251    905.833     3.7485  32.601891   2500.000  93.185197    34.8413  0.000e+00
        252    907.093     3.7457  32.600198   2510.000  93.185312    34.8416  0.000e+00
        253    908.241     3.7458  32.600728   2520.000  93.185428    34.8416  0.000e+00
        254    907.841     3.7426  32.598095   2530.000  93.185544    34.8421  0.000e+00
        255    906.298     3.7465  32.601307   2540.000  93.185660    34.8425  0.000e+00
        256    906.903     3.7500  32.604468   2550.000  93.185775    34.8422  0.000e+00
        257    906.811     3.7510  32.605521   2560.000  93.185891    34.8425  0.000e+00
        258    908.525     3.7469  32.603069   2570.000  93.186007    34.8431  0.000e+00
        259    909.036     3.7453  32.601199   2580.000  93.186123    34.8423  0.000e+00
        260    909.370     3.7423  32.598100   2590.000  93.186238    34.8416  0.000e+00
        261    908.122     3.7417  32.597160   2600.000  93.186354    34.8418  0.000e+00
        262    907.449     3.7409  32.596807   2610.000  93.186470    34.8426  0.000e+00
        263    906.546     3.7452  32.599670   2620.000  93.186586    34.8418  0.000e+00
        264    907.434     3.7469  32.601662   2630.000  93.186701    34.8419  0.000e+00
        265    907.835     3.7452  32.600435   2640.000  93.186817    34.8421  0.000e+00
        266    908.932     3.7471  32.602661   2650.000  93.186933    34.8422  0.000e+00
        267    910.245     3.7488  32.605298   2660.000  93.187049    34.8428  0.000e+00
        268    908.731     3.7475  32.602485   2670.000  93.187164    34.8416  0.000e+00
        269    908.631     3.7518  32.606989   2680.000  93.187280    34.8425  0.000e+00
        270    907.893     3.7522  32.606986   2690.000  93.187396    34.8425  0.000e+00
        271    906.986     3.7514  32.606223   2700.000  93.187512    34.8429  0.000e+00
        272    907.987     3.7483  32.603126   2710.000  93.187627    34.8420  0.000e+00
        273    906.953     3.7490  32.603649   2720.000  93.187743    34.8424  0.000e+00
        274    907.768     3.7483  32.603593   2730.000  93.187859    34.8426  0.000e+00
        275    907.947     3.7470  32.602424   2740.000  93.187975    34.8425  0.000e+00
        276    909.098     3.7452  32.601316   2750.000  93.188090    34.8425  0.000e+00
        277    908.969     3.7463  32.602018   2760.000  93.188206    34.8422  0.000e+00
        278    910.693     3.7402  32.596642   2770.000  93.188322    34.8414  0.000e+00
        279    909.413     3.7417  32.599387   2780.000  93.188438    34.8437  0.000e+00
        280    908.548     3.7410  32.596635   2790.000  93.188553    34.8416  0.000e+00
        281    908.075     3.7428  32.598505   2800.000  93.188669    34.8423  0.000e+00
        282    908.660     3.7402  32.596460   2810.000  93.188785    34.8423  0.000e+00
        283    909.117     3.7409  32.596871   2820.000  93.188900    34.8418  0.000e+00
        284    908.137     3.7426  32.598330   2830.000  93.189016    34.8422  0.000e+00
        285    907.374     3.7458  32.600784   2840.000  93.189132    34.8421  0.000e+00
        286    907.318     3.7470  32.601778   2850.000  93.189248    34.8421  0.000e+00
        287    907.499     3.7464  32.601428   2860.000  93.189363    34.8422  0.000e+00
        288    905.764     3.7474  32.601189   2870.000  93.189479    34.8417  0.000e+00
        289    906.208     3.7468  32.601600   2880.000  93.189595    34.8426  0.000e+00
        290    905.558     3.7488  32.602650   2890.000  93.189711    34.8420  0.000e+00
        291    901.019     3.7540  32.605444   2900.000  93.189826    34.8422  0.000e+00
        292    891.347     3.7798  32.625188   2910.000  93.189942    34.8434  0.000e+00
        293    883.334     3.8055  32.645878   2920.000  93.190058    34.8449  0.000e+00
        294    872.057     3.8265  32.660357   2930.000  93.190174    34.8457  0.000e+00
        295    861.790     3.8858  32.714371   2940.000  93.190289    34.8524  0.000e+00
        296    851.157     3.8959  32.718320   2950.000  93.190405    34.8519  0.000e+00
        297    842.030     3.8789  32.698846   2960.000  93.190521    34.8514  0.000e+00
        298    832.455     3.8949  32.708596   2970.000  93.190637    34.8510  0.000e+00
        299    822.832     3.9567  32.765456   2980.000  93.190752    34.8580  0.000e+00
        300    811.991     4.0220  32.823464   2990.000  93.190868    34.8632  0.000e+00
        301    803.442     4.0361  32.834992   3000.000  93.190984    34.8663  0.000e+00
        302    793.374     3.9925  32.785057   3010.000  93.191100    34.8586  0.000e+00
        303    782.924     4.0180  32.802846   3020.000  93.191215    34.8581  0.000e+00
        304    774.300     4.0155  32.795079   3030.000  93.191331    34.8560  0.000e+00
        305    763.200     4.0152  32.789181   3040.000  93.191447    34.8551  0.000e+00
        306    753.395     4.0287  32.797006   3050.000  93.191563    34.8552  0.000e+00
        307    742.387     4.0679  32.829635   3060.000  93.191678    34.8581  0.000e+00
        308    732.325     4.0652  32.822271   3070.000  93.191794    34.8574  0.000e+00
        309    721.216     4.0905  32.842120   3080.000  93.191910    34.8600  0.000e+00
        310    712.185     4.0727  32.818512   3090.000  93.192025    34.8556  0.000e+00
        311    701.849     4.1054  32.841764   3100.000  93.192141    34.8539  0.000e+00
        312    692.426     4.0606  32.795170   3110.000  93.192257    34.8511  0.000e+00
        313    682.959     4.1092  32.837422   3120.000  93.192373    34.8545  0.000e+00
        314    672.321     4.1395  32.859739   3130.000  93.192488    34.8544  0.000e+00
        315    663.355     4.1833  32.893983   3140.000  93.192604    34.8533  0.000e+00
        316    654.199     4.1657  32.876581   3150.000  93.192720    34.8560  0.000e+00
        317    643.305     4.1859  32.889693   3160.000  93.192836    34.8559  0.000e+00
        318    633.548     4.2191  32.919426   3170.000  93.192951    34.8609  0.000e+00
        319    623.539     4.2835  32.977836   3180.000  93.193067    34.8670  0.000e+00
        320    615.055     4.2627  32.948964   3190.000  93.193183    34.8594  0.000e+00
        321    604.640     4.2626  32.941589   3200.000  93.193299    34.8563  0.000e+00
        322    595.950     4.2631  32.937978   3210.000  93.193414    34.8560  0.000e+00
        323    585.129     4.2750  32.944580   3220.000  93.193530    34.8569  0.000e+00
        324    574.776     4.2666  32.926400   3230.000  93.193646    34.8498  0.000e+00
        325    564.734     4.1776  32.847017   3240.000  93.193762    34.8554  0.000e+00
        326    553.000     3.9802  32.632831   3250.000  93.193877    34.8169  0.000e+00
        327    542.170     3.9924  32.631567   3260.000  93.193993    34.8082  0.000e+00
        328    532.660     4.0034  32.634989   3270.000  93.194109    34.8056  0.000e+00
        329    521.724     4.1224  32.744100   3280.000  93.194225    34.8148  0.000e+00
        330    512.591     4.1603  32.776714   3290.000  93.194340    34.8180  0.000e+00
        331    504.284     4.2476  32.857968   3300.000  93.194456    34.8261  0.000e+00
        332    496.027     4.3296  32.933369   3310.000  93.194572    34.8328  0.000e+00
        333    486.358     4.5165  33.115170   3320.000  93.194688    34.8544  0.000e+00
        334    476.482     4.4431  33.046252   3330.000  93.194803    34.8561  0.000e+00
        335    465.979     4.4595  33.036926   3340.000  93.194919    34.8334  0.000e+00
        336    456.429     4.5844  33.165170   3350.000  93.195035    34.8573  0.000e+00
        337    445.378     4.6890  33.269132   3360.000  93.195150    34.8745  0.000e+00
        338    438.235     4.6639  33.241344   3370.000  93.195266    34.8721  0.000e+00
        339    426.901     4.6445  33.219857   3380.000  93.195382    34.8734  0.000e+00
        340    415.501     4.7084  33.275226   3390.000  93.195498    34.8768  0.000e+00
        341    406.652     4.7387  33.297311   3400.000  93.195613    34.8754  0.000e+00
        342    396.565     4.7088  33.261427   3410.000  93.195729    34.8702  0.000e+00
        343    386.606     4.7115  33.261631   3420.000  93.195845    34.8729  0.000e+00
        344    375.945     4.7905  33.333136   3430.000  93.195961    34.8788  0.000e+00
        345    366.840     4.7978  33.336293   3440.000  93.196076    34.8796  0.000e+00
        346    357.944     4.7998  33.333904   3450.000  93.196192    34.8794  0.000e+00
        347    354.007     4.7915  33.324451   3460.000  93.196308    34.8792  0.000e+00
        348    353.083     4.7944  33.327398   3470.000  93.196424    34.8800  0.000e+00
        349    353.329     4.7938  33.327281   3480.000  93.196539    34.8804  0.000e+00
        350    354.254     4.7899  33.324157   3490.000  93.196655    34.8804  0.000e+00
        351    353.329     4.7902  33.324272   3500.000  93.196771    34.8807  0.000e+00
        352    351.745     4.7871  33.320609   3510.000  93.196887    34.8805  0.000e+00
        353    350.532     4.7873  33.320015   3520.000  93.197002    34.8803  0.000e+00
        354    352.260     4.7858  33.319431   3530.000  93.197118    34.8802  0.000e+00
        355    352.606     4.7854  33.319196   3540.000  93.197234    34.8802  0.000e+00
        356    351.994     4.7894  33.323147   3550.000  93.197350    34.8809  0.000e+00
        357    352.931     4.7842  33.318253   3560.000  93.197465    34.8802  0.000e+00
        358    354.712     4.7822  33.317020   3570.000  93.197581    34.8799  0.000e+00
        359    354.115     4.7821  33.316606   3580.000  93.197697    34.8799  0.000e+00
