tests/test_fixtures/proc_calib/msm142_2026/cal_dip/castM4/msm_142_1_032_1sec.cnv
* Sea-Bird SBE 9 Data File:
* FileName = C:\CTD\CTD_DATA\msm_142_1\raw\msm_142_1_032.hex
* Software Version Seasave V 7.26.7.121
* Temperature SN = 4823
* Conductivity SN = 3425
* Number of Bytes Per Scan = 45
* Number of Voltage Words = 4
* Number of Scans Averaged by the Deck Unit = 1
* NMEA Latitude = 59 27.84 N
* NMEA Longitude = 048 27.21 W
* NMEA UTC (Time) = Apr 03 2026 03:05:43
* NMEA baud rate = 4800
# nquan = 31
# nvalues = 7361                        
# units = specified
# name 0 = scan: Scan Count
# name 1 = timeJ: Julian Days
# name 2 = latitude: Latitude [deg]
# name 3 = longitude: Longitude [deg]
# name 4 = prDM: Pressure, Digiquartz [db]
# name 5 = t090C: Temperature [ITS-90, deg C]
# name 6 = t190C: Temperature, 2 [ITS-90, deg C]
# name 7 = c0mS/cm: Conductivity [mS/cm]
# name 8 = c1mS/cm: Conductivity, 2 [mS/cm]
# name 9 = sbeox1Mm/L: Oxygen, SBE 43, 2 [umol/l]
# name 10 = sbeox0Mm/L: Oxygen, SBE 43 [umol/l]
# name 11 = sal00: Salinity, Practical [PSU]
# name 12 = sal11: Salinity, Practical, 2 [PSU]
# name 13 = pumps: Pump Status
# name 14 = flECO-AFL: Fluorescence, WET Labs ECO-AFL/FL [mg/m^3]
# name 15 = altM: Altimeter [m]
# name 16 = svCM: Sound Velocity [Chen-Millero, m/s]
# name 17 = density00: Density [density, kg/m^3]
# name 18 = svCM1: Sound Velocity, 2 [Chen-Millero, m/s]
# name 19 = density11: Density, 2 [density, kg/m^3]
# name 20 = turbWETntu0: Turbidity, WET Labs ECO [NTU]
# name 21 = timeQ: Time, NMEA [seconds]
# name 22 = timeY: Time, System [seconds]
# name 23 = modError: Modulo Error Count
# name 24 = sal00: Salinity, Practical [PSU]
# name 25 = svCM: Sound Velocity [Chen-Millero, m/s]
# name 26 = density00: Density [density, kg/m^3]
# name 27 = sal11: Salinity, Practical, 2 [PSU]
# name 28 = svCM1: Sound Velocity, 2 [Chen-Millero, m/s]
# name 29 = density11: Density, 2 [density, kg/m^3]
# name 30 = flag: flag
# span 0 =         13,     176648       
# span 1 =  93.128894,  93.214077       
# span 2 =   59.46386,   59.46416       
# span 3 =  -48.45370,  -48.45313       
# span 4 =      0.007,   2032.510       
# span 5 =    -2.6815,     5.7039       
# span 6 =    -4.7766,     5.7138       
# span 7 =  -0.003104,  34.118534       
# span 8 =   0.002937,  34.117668       
# span 9 =    294.168,    778.299       
# span 10 =   -327.780,    875.750      
# span 11 =     0.0022,    34.9813      
# span 12 =     0.0118,    34.9676      
# span 13 =          0,          1      
# span 14 =    -0.5366,     9.6565      
# span 15 =       1.05,      99.97      
# span 16 =    1390.01,    1497.48      
# span 17 =   999.7752,  1037.1102      
# span 18 =    1376.98,    1497.46      
# span 19 =   999.3134,  1037.0994      
# span 20 =    -0.2486,    24.3404      
# span 21 =  815532917,  828508104      
# span 22 = 1775185536, 1775192897      
# span 23 =          0,          0      
# span 24 =    -0.0012,    34.9866      
# span 25 =    1390.00,    1497.48      
# span 26 =   999.7733,  1037.1101      
# span 27 =    -0.0028,    34.9724      
# span 28 =    1376.96,    1497.46      
# span 29 =   999.3009,  1037.0994      
# span 30 = 0.0000e+00, 0.0000e+00      
# interval = seconds: 1                 
# start_time = Apr 03 2026 03:05:36 [System UTC, first data scan.]
# bad_flag = -9.990e-29
*END*
[from data line 2386]
      57277  93.156510   59.46406  -48.45322   1982.244     3.3889     3.3882  32.824619  32.812029    297.314    162.026    34.9506    34.9365          1    -0.0486      91.86    1496.83  1036.8761    1496.81  1036.8651    -0.0092  828503131 1775187922          0    34.9505    1496.83  1036.8760    34.9363    1496.81  1036.8650 0.0000e+00
      57301  93.156522   59.46406  -48.45320   1982.474     3.3890     3.3880  32.824643  32.812099    297.519    162.326    34.9504    34.9366          1    -0.0373      99.95    1496.84  1036.8770    1496.81  1036.8663    -0.0092  828503132 1775187923          0    34.9503    1496.84  1036.8769    34.9365    1496.82  1036.8662 0.0000e+00
      57325  93.156533   59.46406  -48.45320   1983.138     3.3874     3.3868  32.823874  32.811540    297.562    162.139    34.9509    34.9369          1    -0.0369      99.95    1496.84  1036.8805    1496.82  1036.8696    -0.0145  828503133 1775187924          0    34.9508    1496.84  1036.8804    34.9367    1496.82  1036.8695 0.0000e+00
      57349  93.156545   59.46408  -48.45320   1984.397     3.3861     3.3856  32.823416  32.811228    297.590    162.346    34.9512    34.9372          1    -0.0362      99.26    1496.86  1036.8866    1496.84  1036.8757    -0.0153  828503134 1775187925          0    34.9510    1496.86  1036.8865    34.9371    1496.84  1036.8756 0.0000e+00
      57373  93.156557   59.46408  -48.45322   1986.139     3.3845     3.3842  32.822959  32.810733    297.588    162.011    34.9515    34.9373          1    -0.0371      99.39    1496.88  1036.8948    1496.86  1036.8838    -0.0061  828503135 1775187926          0    34.9513    1496.88  1036.8947    34.9372    1496.86  1036.8837 0.0000e+00
      57397  93.156568   59.46406  -48.45322   1987.852     3.3819     3.3816  32.821567  32.809513    297.494    161.752    34.9519    34.9378          1    -0.0208      99.82    1496.90  1036.9032    1496.88  1036.8922    -0.0074  828503136 1775187927          0    34.9516    1496.90  1036.9030    34.9376    1496.88  1036.8921 0.0000e+00
      57421  93.156580   59.46406  -48.45322   1989.131     3.3814     3.3809  32.821552  32.809491    297.024    161.942    34.9517    34.9379          1    -0.0250      78.20    1496.92  1036.9089    1496.90  1036.8981    -0.0133  828503137 1775187928          0    34.9515    1496.92  1036.9087    34.9377    1496.90  1036.8980 0.0000e+00
      57445  93.156591   59.46406  -48.45320   1989.646     3.3818     3.3813  32.822029  32.809774    297.087    161.909    34.9516    34.9376          1    -0.0322      71.65    1496.93  1036.9110    1496.91  1036.9002    -0.0117  828503138 1775187929          0    34.9514    1496.93  1036.9109    34.9374    1496.91  1036.9000 0.0000e+00
      57469  93.156603   59.46406  -48.45320   1990.009     3.3817     3.3810  32.822075  32.809896    296.979    161.936    34.9515    34.9378          1    -0.0387      78.24    1496.94  1036.9126    1496.91  1036.9020    -0.0054  828503139 1775187930          0    34.9514    1496.93  1036.9125    34.9376    1496.91  1036.9018 0.0000e+00
      57493  93.156614   59.46406  -48.45320   1990.853     3.3816     3.3811  32.822519  32.810357    297.113    162.122    34.9518    34.9378          1    -0.0372      92.73    1496.95  1036.9166    1496.93  1036.9057    -0.0031  828503140 1775187931          0    34.9516    1496.95  1036.9165    34.9377    1496.93  1036.9057 0.0000e+00
      57517  93.156626   59.46406  -48.45320   1992.072     3.3820     3.3814  32.823416  32.811196    297.296    161.874    34.9518    34.9379          1    -0.0394      99.95    1496.97  1036.9220    1496.95  1036.9112    -0.0003  828503141 1775187932          0    34.9517    1496.97  1036.9220    34.9377    1496.95  1036.9111 0.0000e+00
      57541  93.156637   59.46406  -48.45320   1993.523     3.3822     3.3817  32.824156  32.811920    297.451    162.043    34.9517    34.9377          1    -0.0398      84.54    1497.00  1036.9285    1496.98  1036.9176    -0.0013  828503142 1775187933          0    34.9516    1497.00  1036.9284    34.9377    1496.98  1036.9175 0.0000e+00
      57565  93.156649   59.46406  -48.45320   1994.953     3.3821     3.3816  32.824695  32.812443    297.584    162.114    34.9517    34.9377          1    -0.0363      57.01    1497.02  1036.9348    1497.00  1036.9240    -0.0074  828503143 1775187934          0    34.9517    1497.02  1036.9348    34.9377    1497.00  1036.9239 0.0000e+00
      57589  93.156661   59.46406  -48.45320   1996.186     3.3822     3.3818  32.825295  32.813085    297.536    161.723    34.9517    34.9377          1    -0.0283      89.00    1497.04  1036.9404    1497.02  1036.9295    -0.0046  828503144 1775187935          0    34.9517    1497.04  1036.9403    34.9377    1497.02  1036.9294 0.0000e+00
      57613  93.156672   59.46406  -48.45320   1996.998     3.3823     3.3819  32.825549  32.813372    297.362    161.844    34.9516    34.9376          1    -0.0332      99.95    1497.06  1036.9438    1497.04  1036.9330    -0.0072  828503145 1775187936          0    34.9515    1497.06  1036.9438    34.9375    1497.04  1036.9330 0.0000e+00
      57637  93.156684   59.46404  -48.45320   1997.589     3.3824     3.3817  32.825816  32.813552    297.270    161.956    34.9515    34.9377          1    -0.0264      78.69    1497.07  1036.9464    1497.05  1036.9357     0.0012  828503146 1775187937          0    34.9514    1497.07  1036.9464    34.9376    1497.05  1036.9357 0.0000e+00
      57661  93.156695   59.46404  -48.45320   1998.383     3.3815     3.3811  32.825488  32.813313    297.163    161.973    34.9517    34.9377          1    -0.0358      78.61    1497.07  1036.9503    1497.06  1036.9394    -0.0149  828503147 1775187938          0    34.9517    1497.07  1036.9502    34.9376    1497.06  1036.9393 0.0000e+00
      57685  93.156707   59.46404  -48.45322   1999.464     3.3808     3.3804  32.825416  32.813293    297.279    161.864    34.9519    34.9378          1    -0.0382      99.95    1497.09  1036.9553    1497.07  1036.9444    -0.0033  828503148 1775187939          0    34.9518    1497.09  1036.9553    34.9378    1497.07  1036.9444 0.0000e+00
      57709  93.156718   59.46404  -48.45324   2000.666     3.3803     3.3799  32.825541  32.813354    297.308    161.945    34.9519    34.9379          1    -0.0381      99.95    1497.11  1036.9608    1497.09  1036.9499    -0.0149  828503149 1775187940          0    34.9518    1497.11  1036.9608    34.9379    1497.09  1036.9499 0.0000e+00
      57733  93.156730   59.46404  -48.45322   2001.714     3.3794     3.3790  32.825109  32.812984    297.609    161.909    34.9519    34.9379          1    -0.0369      99.95    1497.12  1036.9657    1497.10  1036.9548    -0.0044  828503150 1775187941          0    34.9518    1497.12  1036.9656    34.9378    1497.10  1036.9547 0.0000e+00
      57757  93.156742   59.46404  -48.45320   2002.433     3.3770     3.3763  32.823510  32.810993    297.652    161.888    34.9522    34.9381          1    -0.0389      50.07    1497.13  1036.9695    1497.10  1036.9586    -0.0082  828503151 1775187942          0    34.9521    1497.13  1036.9693    34.9380    1497.10  1036.9584 0.0000e+00
      57781  93.156753   59.46404  -48.45318   2003.125     3.3743     3.3738  32.821730  32.809391    297.367    161.641    34.9527    34.9386          1    -0.0318      72.05    1497.13  1036.9733    1497.10  1036.9624     0.0050  828503152 1775187943          0    34.9524    1497.13  1036.9731    34.9384    1497.10  1036.9622 0.0000e+00
      57805  93.156765   59.46404  -48.45320   2004.193     3.3740     3.3735  32.821811  32.809636    297.244    161.863    34.9526    34.9386          1    -0.0338      99.32    1497.14  1036.9781    1497.12  1036.9672     0.0048  828503153 1775187944          0    34.9524    1497.14  1036.9780    34.9384    1497.12  1036.9671 0.0000e+00
      57829  93.156776   59.46404  -48.45322   2005.884     3.3733     3.3730  32.821990  32.809851    297.325    161.945    34.9528    34.9386          1    -0.0392      94.73    1497.17  1036.9859    1497.15  1036.9748    -0.0056  828503154 1775187945          0    34.9526    1497.17  1036.9857    34.9384    1497.15  1036.9747 0.0000e+00
      57853  93.156788   59.46404  -48.45324   2007.979     3.3719     3.3717  32.821907  32.809815    297.418    161.626    34.9531    34.9389          1    -0.0361      99.95    1497.20  1036.9957    1497.18  1036.9847    -0.0054  828503155 1775187946          0    34.9529    1497.20  1036.9955    34.9387    1497.18  1036.9845 0.0000e+00
      57877  93.156800   59.46402  -48.45326   2009.895     3.3715     3.3713  32.822412  32.810449    297.177    161.836    34.9532    34.9392          1    -0.0313      99.95    1497.23  1037.0045    1497.21  1036.9935    -0.0031  828503156 1775187947          0    34.9530    1497.23  1037.0043    34.9390    1497.21  1036.9934 0.0000e+00
      57901  93.156811   59.46400  -48.45325   2010.631     3.3716     3.3707  32.822576  32.810136    296.995    161.725    34.9529    34.9391          1    -0.0315      88.69    1497.24  1037.0075    1497.22  1036.9968    -0.0031  828503157 1775187948          0    34.9528    1497.24  1037.0074    34.9389    1497.22  1036.9967 0.0000e+00
      57925  93.156823   59.46398  -48.45320   2010.164     3.3731     3.3715  32.823528  32.810532    296.808    161.731    34.9526    34.9389          1    -0.0341      72.25    1497.24  1037.0050    1497.21  1036.9944    -0.0028  828503158 1775187949          0    34.9525    1497.24  1037.0049    34.9387    1497.21  1036.9943 0.0000e+00
      57949  93.156834   59.46398  -48.45320   2009.520     3.3752     3.3751  32.824950  32.813137    297.054    162.179    34.9523    34.9384          1    -0.0234      67.91    1497.24  1037.0015    1497.22  1036.9906    -0.0074  828503159 1775187950          0    34.9523    1497.24  1037.0015    34.9384    1497.22  1036.9907 0.0000e+00
      57973  93.156846   59.46398  -48.45320   2009.561     3.3750     3.3747  32.824932  32.813014    297.367    162.785    34.9525    34.9386          1    -0.0281      98.23    1497.24  1037.0019    1497.22  1036.9911    -0.0120  828503160 1775187951          0    34.9525    1497.24  1037.0019    34.9386    1497.22  1036.9911 0.0000e+00
      57997  93.156857   59.46398  -48.45322   2010.976     3.3742     3.3737  32.824955  32.812658    297.270    161.508    34.9527    34.9386          1    -0.0420      99.96    1497.26  1037.0085    1497.24  1036.9975    -0.0059  828503161 1775187952          0    34.9527    1497.26  1037.0085    34.9386    1497.24  1036.9975 0.0000e+00
      58021  93.156869   59.46400  -48.45324   2013.170     3.3644     3.3643  32.817569  32.805326    297.510    161.705    34.9536    34.9391          1    -0.0432      99.96    1497.25  1037.0204    1497.23  1037.0091    -0.0163  828503162 1775187953          0    34.9532    1497.25  1037.0202    34.9388    1497.23  1037.0089 0.0000e+00
      58045  93.156881   59.46400  -48.45324   2015.598     3.3614     3.3612  32.815986  32.803824    297.203    161.471    34.9538    34.9394          1    -0.0263      99.96    1497.28  1037.0319    1497.26  1037.0207    -0.0201  828503163 1775187954          0    34.9534    1497.28  1037.0316    34.9390    1497.26  1037.0204 0.0000e+00
      58069  93.156892   59.46398  -48.45324   2017.789     3.3599     3.3597  32.815595  32.803449    296.805    161.342    34.9538    34.9396          1    -0.0337      99.25    1497.31  1037.0419    1497.29  1037.0309    -0.0095  828503164 1775187955          0    34.9534    1497.31  1037.0416    34.9392    1497.29  1037.0305 0.0000e+00
      58093  93.156904   59.46398  -48.45322   2019.424     3.3571     3.3568  32.813789  32.801662    296.707    161.694    34.9538    34.9398          1    -0.0238      95.42    1497.33  1037.0497    1497.31  1037.0388    -0.0152  828503165 1775187956          0    34.9534    1497.33  1037.0494    34.9394    1497.31  1037.0384 0.0000e+00
      58117  93.156915   59.46398  -48.45322   2020.256     3.3576     3.3564  32.814415  32.801757    296.633    161.634    34.9536    34.9398          1    -0.0389      99.95    1497.34  1037.0531    1497.32  1037.0425    -0.0032  828503166 1775187957          0    34.9532    1497.34  1037.0529    34.9395    1497.32  1037.0423 0.0000e+00
      58141  93.156927   59.46398  -48.45324   2020.387     3.3590     3.3587  32.815769  32.803797    296.587    161.642    34.9535    34.9396          1    -0.0405      99.96    1497.35  1037.0534    1497.33  1037.0426    -0.0196  828503167 1775187958          0    34.9533    1497.35  1037.0533    34.9394    1497.33  1037.0424 0.0000e+00
      58165  93.156938   59.46396  -48.45324   2020.272     3.3609     3.3611  32.817264  32.805852    296.830    161.752    34.9533    34.9396          1    -0.0387      99.96    1497.36  1037.0525    1497.34  1037.0417    -0.0110  828503168 1775187959          0    34.9531    1497.36  1037.0524    34.9394    1497.34  1037.0416 0.0000e+00
      58189  93.156950   59.46396  -48.45326   2020.197     3.3625     3.3638  32.818567  32.807815    296.909    161.630    34.9531    34.9389          1    -0.0376      91.30    1497.36  1037.0518    1497.35  1037.0405    -0.0041  828503169 1775187960          0    34.9530    1497.36  1037.0517    34.9388    1497.35  1037.0404 0.0000e+00
      58213  93.156962   59.46396  -48.45326   2020.603     3.3623     3.3633  32.818707  32.807813    297.022    161.858    34.9533    34.9393          1    -0.0312      91.77    1497.37  1037.0538    1497.35  1037.0427    -0.0074  828503170 1775187961          0    34.9532    1497.37  1037.0537    34.9392    1497.35  1037.0426 0.0000e+00
      58237  93.156973   59.46396  -48.45326   2021.750     3.3590     3.3586  32.816390  32.804034    297.129    161.866    34.9536    34.9394          1    -0.0276      99.95    1497.37  1037.0596    1497.35  1037.0486    -0.0051  828503171 1775187962          0    34.9534    1497.37  1037.0595    34.9392    1497.35  1037.0484 0.0000e+00
      58261  93.156985   59.46396  -48.45326   2023.227     3.3556     3.3553  32.814039  32.801890    297.235    161.533    34.9537    34.9397          1    -0.0323      98.25    1497.39  1037.0669    1497.37  1037.0559    -0.0102  828503172 1775187963          0    34.9535    1497.39  1037.0667    34.9394    1497.37  1037.0557 0.0000e+00
      58285  93.156996   59.46396  -48.45326   2024.733     3.3521     3.3519  32.811638  32.799473    297.238    161.524    34.9539    34.9397          1    -0.0383      99.96    1497.40  1037.0743    1497.38  1037.0632    -0.0084  828503173 1775187964          0    34.9536    1497.40  1037.0740    34.9394    1497.38  1037.0629 0.0000e+00
      58309  93.157008   59.46396  -48.45326   2026.257     3.3501     3.3498  32.810391  32.798286    296.812    161.541    34.9538    34.9398          1    -0.0385      96.26    1497.41  1037.0813    1497.39  1037.0703    -0.0090  828503174 1775187965          0    34.9535    1497.41  1037.0810    34.9394    1497.39  1037.0701 0.0000e+00
      58333  93.157019   59.46396  -48.45326   2027.693     3.3483     3.3479  32.809391  32.797202    296.627    161.481    34.9539    34.9398          1    -0.0315      85.46    1497.43  1037.0881    1497.41  1037.0771    -0.0153  828503175 1775187966          0    34.9536    1497.43  1037.0878    34.9395    1497.41  1037.0768 0.0000e+00
      58357  93.157031   59.46396  -48.45326   2028.462     3.3484     3.3477  32.809648  32.797310    296.681    161.583    34.9536    34.9398          1    -0.0304      94.50    1497.44  1037.0912    1497.42  1037.0806    -0.0110  828503176 1775187967          0    34.9533    1497.44  1037.0910    34.9395    1497.42  1037.0803 0.0000e+00
