tests/test_fixtures/proc_calib/msm142_2026/cal_dip/castM4/msm_142_1_032_1sec.cnv
* Sea-Bird SBE 9 Data File:
* FileName = C:\CTD\CTD_DATA\msm_142_1\raw\msm_142_1_032.hex
* Software Version Seasave V 7.26.7.121
* Temperature SN = 4823
* Conductivity SN = 3425
* Number of Bytes Per Scan = 45
* Number of Voltage Words = 4
* Number of Scans Averaged by the Deck Unit = 1
* NMEA Latitude = 59 27.84 N
* NMEA Longitude = 048 27.21 W
* NMEA UTC (Time) = Apr 03 2026 03:05:43
* NMEA baud rate = 4800
# nquan = 31
# nvalues = 7361                        
# units = specified
# name 0 = scan: Scan Count
# name 1 = timeJ: Julian Days
# name 2 = latitude: Latitude [deg]
# name 3 = longitude: Longitude [deg]
# name 4 = prDM: Pressure, Digiquartz [db]
# name 5 = t090C: Temperature [ITS-90, deg C]
# name 6 = t190C: Temperature, 2 [ITS-90, deg C]
# name 7 = c0mS/cm: Conductivity [mS/cm]
# name 8 = c1mS/cm: Conductivity, 2 [mS/cm]
# name 9 = sbeox1Mm/L: Oxygen, SBE 43, 2 [umol/l]
# name 10 = sbeox0Mm/L: Oxygen, SBE 43 [umol/l]
# name 11 = sal00: Salinity, Practical [PSU]
# name 12 = sal11: Salinity, Practical, 2 [PSU]
# name 13 = pumps: Pump Status
# name 14 = flECO-AFL: Fluorescence, WET Labs ECO-AFL/FL [mg/m^3]
# name 15 = altM: Altimeter [m]
# name 16 = svCM: Sound Velocity [Chen-Millero, m/s]
# name 17 = density00: Density [density, kg/m^3]
# name 18 = svCM1: Sound Velocity, 2 [Chen-Millero, m/s]
# name 19 = density11: Density, 2 [density, kg/m^3]
# name 20 = turbWETntu0: Turbidity, WET Labs ECO [NTU]
# name 21 = timeQ: Time, NMEA [seconds]
# name 22 = timeY: Time, System [seconds]
# name 23 = modError: Modulo Error Count
# name 24 = sal00: Salinity, Practical [PSU]
# name 25 = svCM: Sound Velocity [Chen-Millero, m/s]
# name 26 = density00: Density [density, kg/m^3]
# name 27 = sal11: Salinity, Practical, 2 [PSU]
# name 28 = svCM1: Sound Velocity, 2 [Chen-Millero, m/s]
# name 29 = density11: Density, 2 [density, kg/m^3]
# name 30 = flag: flag
# span 0 =         13,     176648       
# span 1 =  93.128894,  93.214077       
# span 2 =   59.46386,   59.46416       
# span 3 =  -48.45370,  -48.45313       
# span 4 =      0.007,   2032.510       
# span 5 =    -2.6815,     5.7039       
# span 6 =    -4.7766,     5.7138       
# span 7 =  -0.003104,  34.118534       
# span 8 =   0.002937,  34.117668       
# span 9 =    294.168,    778.299       
# span 10 =   -327.780,    875.750      
# span 11 =     0.0022,    34.9813      
# span 12 =     0.0118,    34.9676      
# span 13 =          0,          1      
# span 14 =    -0.5366,     9.6565      
# span 15 =       1.05,      99.97      
# span 16 =    1390.01,    1497.48      
# span 17 =   999.7752,  1037.1102      
# span 18 =    1376.98,    1497.46      
# span 19 =   999.3134,  1037.0994      
# span 20 =    -0.2486,    24.3404      
# span 21 =  815532917,  828508104      
# span 22 = 1775185536, 1775192897      
# span 23 =          0,          0      
# span 24 =    -0.0012,    34.9866      
# span 25 =    1390.00,    1497.48      
# span 26 =   999.7733,  1037.1101      
# span 27 =    -0.0028,    34.9724      
# span 28 =    1376.96,    1497.46      
# span 29 =   999.3009,  1037.0994      
# span 30 = 0.0000e+00, 0.0000e+00      
# interval = seconds: 1                 
# start_time = Apr 03 2026 03:05:36 [System UTC, first data scan.]
# bad_flag = -9.990e-29
*END*
[from data line 4960]
     119053  93.186302   59.46406  -48.45352    906.121     3.7477     3.7479  32.632804  32.620943    311.938    176.796    34.8786    34.8642          1    -0.0290      98.21    1480.31  1031.9006    1480.29  1031.8893    -0.0092  828505704 1775190495          0    34.8788    1480.31  1031.9008    34.8644    1480.29  1031.8894 0.0000e+00
     119077  93.186313   59.46404  -48.45350    905.948     3.7464     3.7475  32.631558  32.620429    311.760    176.992    34.8788    34.8643          1    -0.0386      79.56    1480.30  1031.9001    1480.29  1031.8886    -0.0084  828505705 1775190496          0    34.8788    1480.30  1031.9002    34.8644    1480.29  1031.8887 0.0000e+00
     119101  93.186325   59.46404  -48.45350    907.068     3.7470     3.7467  32.632801  32.620132    311.322    176.784    34.8790    34.8642          1    -0.0354      87.20    1480.32  1031.9053    1480.30  1031.8937    -0.0028  828505706 1775190497          0    34.8790    1480.32  1031.9054    34.8642    1480.30  1031.8937 0.0000e+00
     119125  93.186337   59.46406  -48.45348    908.921     3.7433     3.7437  32.630001  32.617780    311.462    176.555    34.8787    34.8637          1    -0.0390      90.20    1480.34  1031.9140    1480.32  1031.9022    -0.0031  828505707 1775190498          0    34.8786    1480.34  1031.9140    34.8637    1480.32  1031.9022 0.0000e+00
     119149  93.186348   59.46406  -48.45350    911.130     3.7331     3.7344  32.621110  32.609807    311.621    176.610    34.8781    34.8633          1    -0.0473      99.73    1480.33  1031.9249    1480.32  1031.9131    -0.0031  828505708 1775190499          0    34.8777    1480.33  1031.9246    34.8630    1480.32  1031.9129 0.0000e+00
     119173  93.186360   59.46406  -48.45350    912.227     3.7308     3.7298  32.619129  32.605810    311.290    176.265    34.8777    34.8629          1    -0.0402      99.73    1480.34  1031.9299    1480.32  1031.9184    -0.0031  828505709 1775190500          0    34.8773    1480.34  1031.9296    34.8625    1480.32  1031.9181 0.0000e+00
     119197  93.186371   59.46406  -48.45348    910.957     3.7403     3.7404  32.627565  32.615878    311.169    176.416    34.8779    34.8639          1    -0.0363      99.73    1480.36  1031.9231    1480.34  1031.9120     0.0058  828505710 1775190501          0    34.8779    1480.36  1031.9231    34.8639    1480.34  1031.9120 0.0000e+00
     119221  93.186383   59.46406  -48.45348    908.996     3.7452     3.7463  32.631360  32.620485    311.555    176.693    34.8781    34.8639          1    -0.0357      97.69    1480.35  1031.9137    1480.33  1031.9023    -0.0008  828505711 1775190502          0    34.8783    1480.35  1031.9138    34.8641    1480.33  1031.9025 0.0000e+00
     119245  93.186394   59.46404  -48.45346    907.167     3.7467     3.7473  32.632063  32.620620    312.037    176.858    34.8783    34.8641          1    -0.0385      90.83    1480.32  1031.9053    1480.31  1031.8940    -0.0122  828505712 1775190503          0    34.8785    1480.32  1031.9054    34.8642    1480.31  1031.8941 0.0000e+00
     119269  93.186406   59.46404  -48.45346    906.043     3.7455     3.7450  32.630712  32.618018    312.281    176.892    34.8786    34.8640          1    -0.0378      95.74    1480.30  1031.9005    1480.28  1031.8891    -0.0112  828505713 1775190504          0    34.8787    1480.30  1031.9006    34.8641    1480.28  1031.8891 0.0000e+00
     119293  93.186418   59.46404  -48.45346    905.993     3.7487     3.7485  32.633876  32.621552    311.891    176.775    34.8789    34.8645          1    -0.0293      86.76    1480.31  1031.9001    1480.29  1031.8888    -0.0092  828505714 1775190505          0    34.8791    1480.31  1031.9003    34.8646    1480.29  1031.8889 0.0000e+00
     119317  93.186429   59.46404  -48.45344    906.995     3.7499     3.7502  32.635522  32.623483    311.788    176.743    34.8791    34.8644          1    -0.0340      93.18    1480.33  1031.9047    1480.32  1031.8931    -0.0049  828505715 1775190506          0    34.8793    1480.33  1031.9049    34.8646    1480.32  1031.8933 0.0000e+00
     119341  93.186441   59.46404  -48.45346    908.723     3.7448     3.7469  32.631323  32.620820    312.102    176.596    34.8787    34.8640          1    -0.0336      82.71    1480.34  1031.9129    1480.33  1031.9011    -0.0028  828505716 1775190507          0    34.8787    1480.34  1031.9130    34.8641    1480.33  1031.9011 0.0000e+00
     119365  93.186452   59.46406  -48.45346    910.820     3.7396     3.7392  32.627146  32.614217    311.947    176.173    34.8783    34.8635          1    -0.0313      89.97    1480.35  1031.9229    1480.33  1031.9112    -0.0056  828505717 1775190508          0    34.8782    1480.35  1031.9228    34.8633    1480.33  1031.9111 0.0000e+00
     119389  93.186464   59.46406  -48.45346    911.938     3.7362     3.7352  32.624139  32.611289    311.604    176.216    34.8779    34.8637          1    -0.0288      99.73    1480.36  1031.9281    1480.33  1031.9170    -0.0092  828505718 1775190509          0    34.8777    1480.36  1031.9279    34.8634    1480.33  1031.9168 0.0000e+00
     119413  93.186476   59.46406  -48.45344    911.095     3.7443     3.7448  32.631510  32.619560    311.368    176.377    34.8782    34.8640          1    -0.0189      99.73    1480.37  1031.9238    1480.35  1031.9127 -9.990e-29  828505719 1775190510          0    34.8783    1480.37  1031.9225    34.8645    1480.36  1031.9113 0.0000e+00
     119437  93.186487   59.46404  -48.45342    909.581     3.7450     3.7468  32.631433  32.621070    311.314    176.506    34.8782    34.8639          1    -0.0378      99.73    1480.36  1031.9165    1480.34  1031.9049 -9.990e-29  828505720 1775190511          0    34.8783    1480.36  1031.9165    34.8640    1480.34  1031.9050 0.0000e+00
     119461  93.186499   59.46402  -48.45340    907.985     3.7450     3.7463  32.630925  32.620016    311.594    176.864    34.8783    34.8640          1    -0.0368      99.78    1480.33  1031.9093    1480.32  1031.8978 -9.990e-29  828505721 1775190512          0    34.8784    1480.33  1031.9093    34.8641    1480.32  1031.8979 0.0000e+00
     119485  93.186510   59.46402  -48.45340    906.831     3.7460     3.7465  32.631402  32.619863    311.945    176.725    34.8785    34.8643          1    -0.0360      99.73    1480.31  1031.9040    1480.30  1031.8927 -9.990e-29  828505722 1775190513          0    34.8786    1480.31  1031.9041    34.8643    1480.30  1031.8927 0.0000e+00
     119509  93.186522   59.46402  -48.45340    906.430     3.7467     3.7474  32.631907  32.620690    312.227    176.890    34.8785    34.8644          1    -0.0375      84.04    1480.31  1031.9021    1480.29  1031.8909    -0.0089  828505723 1775190514          0    34.8786    1480.31  1031.9022    34.8645    1480.30  1031.8909 0.0000e+00
     119533  93.186533   59.46404  -48.45340    906.713     3.7496     3.7494  32.635010  32.622735    312.221    176.771    34.8789    34.8645          1    -0.0374      78.60    1480.33  1031.9034    1480.31  1031.8920    -0.0030  828505724 1775190515          0    34.8791    1480.33  1031.9035    34.8647    1480.31  1031.8921 0.0000e+00
     119557  93.186545   59.46404  -48.45338    907.553     3.7510     3.7504  32.636859  32.624073    312.140    176.509    34.8791    34.8646          1    -0.0496      99.73    1480.35  1031.9072    1480.33  1031.8958     0.0029  828505725 1775190516          0    34.8793    1480.35  1031.9073    34.8648    1480.33  1031.8959 0.0000e+00
     119581  93.186557   59.46404  -48.45338    908.926     3.7481     3.7480  32.634489  32.622171    312.127    176.821    34.8788    34.8643          1    -0.0469      99.73    1480.36  1031.9136    1480.34  1031.9021    -0.0084  828505726 1775190517          0    34.8789    1480.36  1031.9136    34.8644    1480.34  1031.9022 0.0000e+00
     119605  93.186568   59.46404  -48.45336    910.462     3.7424     3.7411  32.629675  32.616121    311.715    176.341    34.8786    34.8639          1    -0.0189      99.73    1480.36  1031.9211    1480.34  1031.9097     0.0015  828505727 1775190518          0    34.8785    1480.36  1031.9210    34.8638    1480.34  1031.9100 0.0000e+00
     119629  93.186580   59.46404  -48.45338    911.519     3.7399     3.7385  32.627660  32.614149    311.423    176.361    34.8783    34.8638          1    -0.0367      62.58    1480.37  1031.9261    1480.34  1031.9148    -0.0016  828505728 1775190519          0    34.8782    1480.37  1031.9259    34.8636    1480.34  1031.9146 0.0000e+00
     119653  93.186591   59.46404  -48.45338    911.301     3.7425     3.7409  32.629949  32.616161    311.064    176.285    34.8783    34.8636          1    -0.0408      67.43    1480.37  1031.9247    1480.35  1031.9133     0.0017  828505729 1775190520          0    34.8782    1480.37  1031.9246    34.8635    1480.35  1031.9132 0.0000e+00
     119677  93.186603   59.46402  -48.45340    910.265     3.7483     3.7474  32.635116  32.622218    311.036    176.475    34.8786    34.8642          1    -0.0286      92.62    1480.38  1031.9195    1480.36  1031.9083    -0.0100  828505730 1775190521          0    34.8787    1480.38  1031.9196    34.8644    1480.36  1031.9084 0.0000e+00
     119701  93.186614   59.46402  -48.45340    908.837     3.7484     3.7484  32.634585  32.622365    311.520    176.718    34.8786    34.8641          1    -0.0319      99.73    1480.36  1031.9130    1480.34  1031.9015    -0.0115  828505731 1775190522          0    34.8787    1480.36  1031.9131    34.8642    1480.34  1031.9016 0.0000e+00
     119725  93.186626   59.46402  -48.45338    907.613     3.7486     3.7482  32.634223  32.621765    312.075    176.981    34.8787    34.8642          1    -0.0366      99.73    1480.34  1031.9074    1480.32  1031.8960    -0.0057  828505732 1775190523          0    34.8788    1480.34  1031.9075    34.8643    1480.32  1031.8961 0.0000e+00
     119749  93.186638   59.46402  -48.45336    906.871     3.7483     3.7482  32.633551  32.621343    312.261    176.698    34.8786    34.8642          1    -0.0380      99.73    1480.32  1031.9040    1480.31  1031.8926    -0.0030  828505733 1775190524          0    34.8787    1480.32  1031.9040    34.8643    1480.31  1031.8927 0.0000e+00
     119773  93.186649   59.46404  -48.45334    906.649     3.7478     3.7479  32.633152  32.621109    311.992    176.506    34.8788    34.8643          1    -0.0389      99.59    1480.32  1031.9031    1480.30  1031.8917     0.0002  828505734 1775190525          0    34.8788    1480.32  1031.9032    34.8644    1480.30  1031.8918 0.0000e+00
     119797  93.186661   59.46404  -48.45334    907.004     3.7475     3.7476  32.633260  32.620998    311.877    176.775    34.8791    34.8644          1    -0.0354      99.51    1480.32  1031.9051    1480.31  1031.8935     0.0007  828505735 1775190526          0    34.8791    1480.33  1031.9051    34.8644    1480.31  1031.8935 0.0000e+00
     119821  93.186672   59.46404  -48.45334    908.180     3.7475     3.7477  32.633654  32.621599    311.742    176.601    34.8789    34.8644          1    -0.0388      99.73    1480.34  1031.9103    1480.33  1031.8988     0.0012  828505736 1775190527          0    34.8789    1480.34  1031.9103    34.8644    1480.33  1031.8988 0.0000e+00
     119845  93.186684   59.46404  -48.45336    909.948     3.7413     3.7427  32.628434  32.617214    311.734    176.258    34.8785    34.8637          1    -0.0339      99.73    1480.35  1031.9189    1480.33  1031.9070     0.0060  828505737 1775190528          0    34.8784    1480.35  1031.9188    34.8636    1480.33  1031.9069 0.0000e+00
     119869  93.186695   59.46404  -48.45336    911.355     3.7413     3.7412  32.628997  32.616727    311.579    176.296    34.8784    34.8640          1    -0.0266      99.73    1480.37  1031.9252    1480.35  1031.9138    -0.0026  828505738 1775190529          0    34.8783    1480.37  1031.9251    34.8639    1480.35  1031.9137 0.0000e+00
     119893  93.186707   59.46402  -48.45338    911.204     3.7422     3.7410  32.629636  32.616203    311.472    176.436    34.8783    34.8637          1    -0.0271      99.73    1480.37  1031.9243    1480.35  1031.9129    -0.0046  828505739 1775190530          0    34.8782    1480.37  1031.9243    34.8634    1480.35  1031.9130 0.0000e+00
     119917  93.186718   59.46402 -9.990e-29    910.263     3.7472     3.7469  32.633947  32.621399    311.610    176.434    34.8786    34.8643          1    -0.0385      94.26    1480.38  1031.9196    1480.36  1031.9084    -0.0148  828505740 1775190531          0    34.8786    1480.38  1031.9196    34.8644    1480.36  1031.9081 0.0000e+00
     119941  93.186730   59.46402 -9.990e-29    909.166     3.7468     3.7472  32.633039  32.621325    312.082    176.774    34.8784    34.8640          1    -0.0391      96.64    1480.36  1031.9145    1480.34  1031.9031    -0.0092  828505741 1775190532          0    34.8784    1480.36  1031.9145    34.8641    1480.34  1031.9032 0.0000e+00
     119965  93.186742   59.46402 -9.990e-29    908.290     3.7463     3.7465  32.632316  32.620314    312.128    176.862    34.8786    34.8640          1    -0.0382      94.55    1480.34  1031.9107    1480.32  1031.8992    -0.0092  828505742 1775190533          0    34.8786    1480.34  1031.9107    34.8641    1480.32  1031.8992 0.0000e+00
     119989  93.186753   59.46402 -9.990e-29    907.711     3.7456     3.7463  32.631518  32.619890    312.263    176.774    34.8786    34.8641          1    -0.0378      99.73    1480.33  1031.9082    1480.31  1031.8966    -0.0034  828505743 1775190534          0    34.8787    1480.33  1031.9082    34.8641    1480.31  1031.8966 0.0000e+00
     120013  93.186765   59.46402  -48.45336    907.454     3.7460     3.7462  32.631710  32.619841    312.232    176.826    34.8786    34.8642          1    -0.0244      81.15    1480.33  1031.9069    1480.31  1031.8956    -0.0084  828505744 1775190535          0    34.8786    1480.33  1031.9069    34.8643    1480.31  1031.8956 0.0000e+00
     120037  93.186776   59.46404  -48.45336    907.645     3.7459     3.7461  32.631695  32.619807    312.081    176.516    34.8786    34.8642          1    -0.0357      99.73    1480.33  1031.9078    1480.31  1031.8964    -0.0092  828505745 1775190536          0    34.8786    1480.33  1031.9078    34.8643    1480.31  1031.8965 0.0000e+00
     120061  93.186788   59.46404  -48.45336    908.218     3.7448     3.7442  32.630957  32.618172    312.074    176.691    34.8786    34.8641          1    -0.0383      76.86    1480.33  1031.9106    1480.31  1031.8992    -0.0044  828505746 1775190537          0    34.8786    1480.33  1031.9105    34.8640    1480.31  1031.8991 0.0000e+00
     120085  93.186799   59.46404  -48.45338    908.833     3.7448     3.7438  32.631173  32.618126    312.042    176.593    34.8786    34.8641          1    -0.0383      98.65    1480.34  1031.9134    1480.32  1031.9020    -0.0026  828505747 1775190538          0    34.8785    1480.34  1031.9134    34.8640    1480.32  1031.9020 0.0000e+00
     120109  93.186811   59.46404  -48.45338    909.172     3.7435     3.7436  32.630003  32.617986    311.856    176.437    34.8784    34.8640          1    -0.0278      99.73    1480.34  1031.9150    1480.33  1031.9036    -0.0031  828505748 1775190539          0    34.8783    1480.34  1031.9149    34.8640    1480.33  1031.9035 0.0000e+00
