tests/test_fixtures/proc_calib/msm142_2026/cal_dip/castM4/msm_142_1_032_1sec.cnv
* Sea-Bird SBE 9 Data File:
* FileName = C:\CTD\CTD_DATA\msm_142_1\raw\msm_142_1_032.hex
* Software Version Seasave V 7.26.7.121
* Temperature SN = 4823
* Conductivity SN = 3425
* Number of Bytes Per Scan = 45
* Number of Voltage Words = 4
* Number of Scans Averaged by the Deck Unit = 1
* NMEA Latitude = 59 27.84 N
* NMEA Longitude = 048 27.21 W
* NMEA UTC (Time) = Apr 03 2026 03:05:43
* NMEA baud rate = 4800
# nquan = 31
# nvalues = 7361                        
# units = specified
# name 0 = scan: Scan Count
# name 1 = timeJ: Julian Days
# name 2 = latitude: Latitude [deg]
# name 3 = longitude: Longitude [deg]
# name 4 = prDM: Pressure, Digiquartz [db]
# name 5 = t090C: Temperature [ITS-90, deg C]
# name 6 = t190C: Temperature, 2 [ITS-90, deg C]
# name 7 = c0mS/cm: Conductivity [mS/cm]
# name 8 = c1mS/cm: Conductivity, 2 [mS/cm]
# name 9 = sbeox1Mm/L: Oxygen, SBE 43, 2 [umol/l]
# name 10 = sbeox0Mm/L: Oxygen, SBE 43 [umol/l]
# name 11 = sal00: Salinity, Practical [PSU]
# name 12 = sal11: Salinity, Practical, 2 [PSU]
# name 13 = pumps: Pump Status
# name 14 = flECO-AFL: Fluorescence, WET Labs ECO-AFL/FL [mg/m^3]
# name 15 = altM: Altimeter [m]
# name 16 = svCM: Sound Velocity [Chen-Millero, m/s]
# name 17 = density00: Density [density, kg/m^3]
# name 18 = svCM1: Sound Velocity, 2 [Chen-Millero, m/s]
# name 19 = density11: Density, 2 [density, kg/m^3]
# name 20 = turbWETntu0: Turbidity, WET Labs ECO [NTU]
# name 21 = timeQ: Time, NMEA [seconds]
# name 22 = timeY: Time, System [seconds]
# name 23 = modError: Modulo Error Count
# name 24 = sal00: Salinity, Practical [PSU]
# name 25 = svCM: Sound Velocity [Chen-Millero, m/s]
# name 26 = density00: Density [density, kg/m^3]
# name 27 = sal11: Salinity, Practical, 2 [PSU]
# name 28 = svCM1: Sound Velocity, 2 [Chen-Millero, m/s]
# name 29 = density11: Density, 2 [density, kg/m^3]
# name 30 = flag: flag
# span 0 =         13,     176648       
# span 1 =  93.128894,  93.214077       
# span 2 =   59.46386,   59.46416       
# span 3 =  -48.45370,  -48.45313       
# span 4 =      0.007,   2032.510       
# span 5 =    -2.6815,     5.7039       
# span 6 =    -4.7766,     5.7138       
# span 7 =  -0.003104,  34.118534       
# span 8 =   0.002937,  34.117668       
# span 9 =    294.168,    778.299       
# span 10 =   -327.780,    875.750      
# span 11 =     0.0022,    34.9813      
# span 12 =     0.0118,    34.9676      
# span 13 =          0,          1      
# span 14 =    -0.5366,     9.6565      
# span 15 =       1.05,      99.97      
# span 16 =    1390.01,    1497.48      
# span 17 =   999.7752,  1037.1102      
# span 18 =    1376.98,    1497.46      
# span 19 =   999.3134,  1037.0994      
# span 20 =    -0.2486,    24.3404      
# span 21 =  815532917,  828508104      
# span 22 = 1775185536, 1775192897      
# span 23 =          0,          0      
# span 24 =    -0.0012,    34.9866      
# span 25 =    1390.00,    1497.48      
# span 26 =   999.7733,  1037.1101      
# span 27 =    -0.0028,    34.9724      
# span 28 =    1376.96,    1497.46      
# span 29 =   999.3009,  1037.0994      
# span 30 = 0.0000e+00, 0.0000e+00      
# interval = seconds: 1                 
# start_time = Apr 03 2026 03:05:36 [System UTC, first data scan.]
# bad_flag = -9.990e-29
*END*
[from data line 6316]
     151597  93.201996   59.46400  -48.45341    352.988     4.7470     4.7466  33.310458  33.297576    318.754    184.462    34.9101    34.8955          1     0.0106      98.39    1475.37  1029.2644    1475.35  1029.2529    -0.0018  828507060 1775191852          0    34.9101    1475.37  1029.2644    34.8955    1475.35  1029.2530 0.0000e+00
     151621  93.202008   59.46400  -48.45343    353.989     4.7472     4.7468  33.311162  33.298339    319.156    184.539    34.9102    34.8957          1     0.0226      98.89    1475.39  1029.2691    1475.37  1029.2577    -0.0028  828507061 1775191853          0    34.9102    1475.39  1029.2691    34.8957    1475.37  1029.2577 0.0000e+00
     151645  93.202019   59.46400  -48.45344    355.371     4.7470     4.7467  33.311587  33.298794    318.808    184.391    34.9101    34.8956          1     0.0066      99.58    1475.41  1029.2754    1475.39  1029.2640     0.0050  828507062 1775191854          0    34.9101    1475.41  1029.2754    34.8956    1475.39  1029.2640 0.0000e+00
     151669  93.202031   59.46401  -48.45343    356.453     4.7476     4.7472  33.312587  33.299787    318.466    184.074    34.9101    34.8956          1     0.0007      99.58    1475.44  1029.2803    1475.41  1029.2689     0.0053  828507063 1775191855          0    34.9101    1475.44  1029.2803    34.8956    1475.42  1029.2689 0.0000e+00
     151693  93.202043   59.46402  -48.45341    356.851     4.7472     4.7474  33.312345  33.300151    318.814    184.435    34.9100    34.8957          1     0.0198      99.56    1475.44  1029.2821    1475.42  1029.2708     0.0002  828507064 1775191856          0    34.9101    1475.44  1029.2822    34.8957    1475.42  1029.2708 0.0000e+00
     151717  93.202054   59.46402  -48.45339    356.561     4.7476     4.7474  33.312460  33.299939    319.064    184.264    34.9099    34.8956          1     0.0219      99.57    1475.44  1029.2807    1475.42  1029.2693    -0.0059  828507065 1775191857          0    34.9099    1475.44  1029.2806    34.8955    1475.42  1029.2693 0.0000e+00
     151741  93.202066   59.46401  -48.45336    355.542     4.7474     4.7470  33.311718  33.298887    319.209    184.548    34.9098    34.8953          1     0.0127      99.58    1475.42  1029.2759    1475.40  1029.2645    -0.0041  828507066 1775191858          0    34.9098    1475.42  1029.2759    34.8953    1475.40  1029.2645 0.0000e+00
     151765  93.202077   59.46399  -48.45336    354.143     4.7471     4.7467  33.310874  33.297933    319.086    184.789    34.9098    34.8953          1    -0.0014      99.58    1475.39  1029.2695    1475.37  1029.2581     0.0007  828507067 1775191859          0    34.9098    1475.39  1029.2695    34.8953    1475.37  1029.2581 0.0000e+00
     151789  93.202089   59.46398  -48.45336    352.972     4.7471     4.7465  33.310311  33.297423    318.881    185.118    34.9099    34.8954          1     0.0002      99.58    1475.38  1029.2642    1475.35  1029.2528    -0.0013  828507068 1775191860          0    34.9098    1475.37  1029.2641    34.8954    1475.35  1029.2528 0.0000e+00
     151813  93.202101   59.46397  -48.45336    352.475     4.7471     4.7465  33.310202  33.297295    318.977    184.984    34.9100    34.8955          1     0.0175      99.58    1475.37  1029.2620    1475.35  1029.2506     0.0017  828507069 1775191861          0    34.9100    1475.37  1029.2620    34.8956    1475.35  1029.2506 0.0000e+00
     151837  93.202112   59.46396  -48.45337    352.527     4.7469     4.7465  33.310266  33.297351    319.100    184.694    34.9101    34.8956          1     0.0038      99.58    1475.37  1029.2624    1475.35  1029.2509    -0.0010  828507070 1775191862          0    34.9102    1475.37  1029.2624    34.8956    1475.35  1029.2509 0.0000e+00
     151861  93.202124   59.46397  -48.45338    352.957     4.7467     4.7463  33.310107  33.297416    318.816    184.328    34.9101    34.8957          1     0.0052      97.90    1475.37  1029.2643    1475.35  1029.2530     0.0025  828507071 1775191863          0    34.9101    1475.37  1029.2643    34.8957    1475.35  1029.2530 0.0000e+00
     151885  93.202135   59.46398  -48.45337    353.313     4.7466     4.7462  33.310005  33.297369    318.435    184.304    34.9098    34.8956          1     0.0010      98.57    1475.38  1029.2658    1475.36  1029.2545    -0.0021  828507072 1775191864          0    34.9098    1475.38  1029.2657    34.8956    1475.36  1029.2545 0.0000e+00
     151909  93.202147   59.46399  -48.45333    353.289     4.7467     4.7462  33.310155  33.297297    318.214    184.750    34.9099    34.8955          1    -0.0015      99.58    1475.38  1029.2657    1475.36  1029.2543     0.0090  828507073 1775191865          0    34.9099    1475.38  1029.2657    34.8955    1475.36  1029.2543 0.0000e+00
     151933  93.202158   59.46400  -48.45331    352.522     4.7468     4.7462  33.309777  33.296953    318.190    184.727    34.9097    34.8954          1     0.0289      99.58    1475.37  1029.2620    1475.35  1029.2508    -0.0027  828507074 1775191866          0    34.9097    1475.37  1029.2620    34.8954    1475.35  1029.2508 0.0000e+00
     151957  93.202170   59.46400  -48.45330    351.248     4.7466     4.7462  33.308844  33.296151    318.461    184.607    34.9096    34.8952          1     0.0041      99.58    1475.34  1029.2561    1475.32  1029.2448     0.0083  828507075 1775191867          0    34.9096    1475.34  1029.2561    34.8952    1475.32  1029.2448 0.0000e+00
     151981  93.202182   59.46399  -48.45331    349.662     4.7450     4.7448  33.306504  33.294077    318.738    184.884    34.9094    34.8951          1     0.0099      99.49    1475.31  1029.2488    1475.29  1029.2375     0.0145  828507076 1775191868          0    34.9094    1475.31  1029.2488    34.8950    1475.29  1029.2375 0.0000e+00
     152005  93.202193   59.46397  -48.45333    347.990     4.7431     4.7426  33.303878  33.290958    318.993    184.722    34.9092    34.8947          1    -0.0046      99.58    1475.28  1029.2412    1475.25  1029.2298     0.0053  828507077 1775191869          0    34.9091    1475.28  1029.2411    34.8947    1475.26  1029.2298 0.0000e+00
     152029  93.202205   59.46396  -48.45334    346.446     4.7409     4.7407  33.300957  33.288263    318.938    184.830    34.9090    34.8945          1     0.0054      99.58    1475.24  1029.2342    1475.22  1029.2227    -0.0008  828507078 1775191870          0    34.9089    1475.24  1029.2341    34.8943    1475.22  1029.2226 0.0000e+00
     152053  93.202216   59.46396  -48.45335    345.271     4.7416     4.7424  33.301178  33.289626    318.913    184.857    34.9091    34.8948          1     0.0154      99.58    1475.23  1029.2287    1475.21  1029.2174    -0.0028  828507079 1775191871          0    34.9090    1475.23  1029.2286    34.8947    1475.21  1029.2173 0.0000e+00
     152077  93.202228   59.46396  -48.45336    344.548     4.7424     4.7419  33.301700  33.288731    319.100    184.839    34.9093    34.8946          1     0.0059      99.58    1475.22  1029.2255    1475.19  1029.2139    -0.0067  828507080 1775191872          0    34.9092    1475.22  1029.2254    34.8946    1475.20  1029.2139 0.0000e+00
     152101  93.202239   59.46396  -48.45336    344.276     4.7429     4.7408  33.302086  33.287698    318.986    184.519    34.9093    34.8948          1    -0.0042      99.58    1475.21  1029.2242    1475.19  1029.2130    -0.0056  828507081 1775191873          0    34.9092    1475.21  1029.2241    34.8947    1475.19  1029.2129 0.0000e+00
     152125  93.202251   59.46397  -48.45335    344.380     4.7419     4.7405  33.301061  33.287141    318.801    184.580    34.9091    34.8944          1     0.0163      99.57    1475.21  1029.2247    1475.19  1029.2132    -0.0031  828507082 1775191874          0    34.9091    1475.21  1029.2246    34.8943    1475.19  1029.2131 0.0000e+00
     152149  93.202263   59.46398  -48.45333    344.277     4.7425     4.7404  33.301503  33.286662    318.728    184.726    34.9090    34.8940          1     0.0374      99.60    1475.21  1029.2240    1475.18  1029.2124     0.0022  828507083 1775191875          0    34.9090    1475.21  1029.2240    34.8939    1475.18  1029.2123 0.0000e+00
     152173  93.202274   59.46399  -48.45331    343.180     4.7418     4.7408  33.300163  33.286694    318.800    184.818    34.9088    34.8942          1     0.0191      99.58    1475.19  1029.2189    1475.17  1029.2074     0.0050  828507084 1775191876          0    34.9087    1475.19  1029.2188    34.8941    1475.17  1029.2074 0.0000e+00
     152197  93.202286   59.46400  -48.45330    341.299     4.7386     4.7387  33.295752  33.283441    319.051    185.242    34.9081    34.8933          1     0.0215      99.58    1475.14  1029.2099    1475.13  1029.1984    -0.0013  828507085 1775191877          0    34.9079    1475.15  1029.2100    34.8935    1475.13  1029.1986 0.0000e+00
     152221  93.202297   59.46399  -48.45330    339.099     4.7301     4.7308  33.285649  33.273716    319.268    185.198    34.9066    34.8919          1     0.0110      99.58    1475.07  1029.1998    1475.06  1029.1880     0.0015  828507086 1775191878          0    34.9062    1475.07  1029.1995    34.8916    1475.06  1029.1878 0.0000e+00
     152245  93.202309   59.46397  -48.45331    337.235     4.7302     4.7315  33.285183  33.274329    319.217    185.189    34.9068    34.8928          1     0.0078      99.53    1475.04  1029.1913    1475.03  1029.1801    -0.0008  828507087 1775191879          0    34.9065    1475.04  1029.1911    34.8926    1475.03  1029.1799 0.0000e+00
     152269  93.202320   59.46396  -48.45333    336.206     4.7338     4.7311  33.288631  33.273068    319.316    185.038    34.9075    34.8923          1    -0.0006      99.53    1475.04  1029.1867    1475.01  1029.1750     0.0078  828507088 1775191880          0    34.9073    1475.04  1029.1865    34.8920    1475.01  1029.1748 0.0000e+00
     152293  93.202332   59.46396  -48.45336    335.943     4.7307     4.7309  33.285228  33.273130    319.484    184.774    34.9070    34.8926          1    -0.0006      99.58    1475.02  1029.1855    1475.01  1029.1741    -0.0031  828507089 1775191881          0    34.9068    1475.02  1029.1853    34.8924    1475.01  1029.1739 0.0000e+00
     152317  93.202343   59.46396  -48.45337    335.893     4.7282     4.7254  33.282510  33.266233    319.508    184.963    34.9065    34.8906          1     0.0115      99.58    1475.01  1029.1852    1474.98  1029.1729    -0.0026  828507090 1775191882          0    34.9063    1475.01  1029.1850    34.8903    1474.98  1029.1727 0.0000e+00
     152341  93.202355   59.46396  -48.45337    335.577     4.7276     4.7052  33.281743  33.245768    319.382    185.050    34.9064    34.8887          1     0.0232      99.58    1475.00  1029.1836    1474.89  1029.1724    -0.0031  828507091 1775191883          0    34.9061    1475.00  1029.1835    34.8878    1474.89  1029.1717 0.0000e+00
     152365  93.202367   59.46397  -48.45335    334.783     4.7239     4.7137  33.277271  33.254591    319.005    185.188    34.9055    34.8900          1     0.0352      99.58    1474.97  1029.1798    1474.91  1029.1688     0.0027  828507092 1775191884          0    34.9052    1474.97  1029.1795    34.8895    1474.91  1029.1684 0.0000e+00
     152389  93.202378   59.46398  -48.45333    333.526     4.7222     4.7190  33.274857  33.259082    319.111    185.120    34.9052    34.8901          1     0.0030      99.58    1474.95  1029.1740    1474.91  1029.1624    -0.0021  828507093 1775191885          0    34.9049    1474.95  1029.1737    34.8898    1474.91  1029.1622 0.0000e+00
     152413  93.202390   59.46398  -48.45330    331.980     4.7003     4.7051  33.250285  33.242620    319.839    184.921    34.9010    34.8867          1     0.0167      99.05    1474.83  1029.1661    1474.83  1029.1543    -0.0130  828507094 1775191886          0    34.9000    1474.83  1029.1654    34.8861    1474.83  1029.1537 0.0000e+00
     152437  93.202401   59.46398  -48.45331    330.559     4.6973     4.7051  33.247077  33.243214    319.944    185.245    34.9011    34.8881          1     0.0238      99.58    1474.79  1029.1600    1474.81  1029.1488     0.0027  828507095 1775191887          0    34.9002    1474.79  1029.1593    34.8875    1474.81  1029.1483 0.0000e+00
     152461  93.202413   59.46398  -48.45333    329.620     4.7015     4.7011  33.251069  33.237518    319.669    185.262    34.9016    34.8863          1     0.0334      99.58    1474.79  1029.1556    1474.77  1029.1435     0.0050  828507096 1775191888          0    34.9009    1474.79  1029.1551    34.8856    1474.77  1029.1430 0.0000e+00
     152485  93.202424   59.46398  -48.45335    329.112     4.6958     4.6915  33.244964  33.228179    319.814    185.341    34.9008    34.8858          1     0.0187      99.58    1474.76  1029.1534    1474.72  1029.1420     0.0066  828507097 1775191889          0    34.9001    1474.76  1029.1528    34.8850    1474.72  1029.1413 0.0000e+00
     152509  93.202436   59.46398  -48.45337    328.483     4.6977     4.6970  33.246757  33.233840    319.737    185.671    34.9010    34.8868          1     0.0093      99.58    1474.76  1029.1504    1474.74  1029.1392     0.0022  828507098 1775191890          0    34.9005    1474.76  1029.1499    34.8862    1474.74  1029.1387 0.0000e+00
     152533  93.202448   59.46398  -48.45338    327.325     4.6943     4.6945  33.242244  33.229571    320.137    185.244    34.9001    34.8850          1     0.0238      99.58    1474.72  1029.1447    1474.71  1029.1328    -0.0000  828507099 1775191891          0    34.8995    1474.72  1029.1442    34.8844    1474.71  1029.1323 0.0000e+00
     152557  93.202459   59.46397  -48.45337    325.937     4.6789     4.6802  33.225500  33.214476    320.622    185.948    34.8978    34.8835          1     0.0122      96.95    1474.64  1029.1384    1474.62  1029.1268     0.0030  828507100 1775191892          0    34.8968    1474.64  1029.1376    34.8825    1474.62  1029.1261 0.0000e+00
     152581  93.202471   59.46397  -48.45336    324.785     4.6768     4.6809  33.222952  33.215297    320.332    185.824    34.8976    34.8841          1     0.0052      95.91    1474.61  1029.1331    1474.61  1029.1220    -0.0013  828507101 1775191893          0    34.8967    1474.61  1029.1324    34.8834    1474.61  1029.1214 0.0000e+00
     152605  93.202482   59.46398  -48.45336    324.179     4.6796     4.6803  33.225747  33.213828    320.484    185.536    34.8980    34.8834          1     0.0258      98.33    1474.61  1029.1303    1474.59  1029.1186    -0.0092  828507102 1775191894          0    34.8973    1474.61  1029.1297    34.8827    1474.59  1029.1181 0.0000e+00
     152629  93.202494   59.46399  -48.45336    323.817     4.6818     4.6806  33.227956  33.214361    320.940    185.565    34.8983    34.8836          1     0.0153      99.58    1474.61  1029.1286    1474.59  1029.1172    -0.0092  828507103 1775191895          0    34.8977    1474.61  1029.1282    34.8831    1474.59  1029.1167 0.0000e+00
     152653  93.202506   59.46400  -48.45337    323.111     4.6836     4.6848  33.229339  33.218143    320.910    185.846    34.8983    34.8839          1     0.0206      99.58    1474.61  1029.1252    1474.60  1029.1136    -0.0069  828507104 1775191896          0    34.8979    1474.61  1029.1248    34.8835    1474.59  1029.1133 0.0000e+00
     152677  93.202517   59.46400  -48.45339    321.728     4.6778     4.6766  33.222565  33.208603    320.775    185.898    34.8973    34.8823          1     0.0138      99.12    1474.56  1029.1187    1474.54  1029.1070     0.0030  828507105 1775191897          0    34.8967    1474.56  1029.1183    34.8817    1474.54  1029.1065 0.0000e+00
