tests/test_fixtures/proc_calib/msm142_2026/cal_dip/castM4/msm_142_1_032_1sec.cnv
* Sea-Bird SBE 9 Data File:
* FileName = C:\CTD\CTD_DATA\msm_142_1\raw\msm_142_1_032.hex
* Software Version Seasave V 7.26.7.121
* Temperature SN = 4823
* Conductivity SN = 3425
* Number of Bytes Per Scan = 45
* Number of Voltage Words = 4
* Number of Scans Averaged by the Deck Unit = 1
* NMEA Latitude = 59 27.84 N
* NMEA Longitude = 048 27.21 W
* NMEA UTC (Time) = Apr 03 2026 03:05:43
* NMEA baud rate = 4800
# nquan = 31
# nvalues = 7361                        
# units = specified
# name 0 = scan: Scan Count
# name 1 = timeJ: Julian Days
# name 2 = latitude: Latitude [deg]
# name 3 = longitude: Longitude [deg]
# name 4 = prDM: Pressure, Digiquartz [db]
# name 5 = t090C: Temperature [ITS-90, deg C]
# name 6 = t190C: Temperature, 2 [ITS-90, deg C]
# name 7 = c0mS/cm: Conductivity [mS/cm]
# name 8 = c1mS/cm: Conductivity, 2 [mS/cm]
# name 9 = sbeox1Mm/L: Oxygen, SBE 43, 2 [umol/l]
# name 10 = sbeox0Mm/L: Oxygen, SBE 43 [umol/l]
# name 11 = sal00: Salinity, Practical [PSU]
# name 12 = sal11: Salinity, Practical, 2 [PSU]
# name 13 = pumps: Pump Status
# name 14 = flECO-AFL: Fluorescence, WET Labs ECO-AFL/FL [mg/m^3]
# name 15 = altM: Altimeter [m]
# name 16 = svCM: Sound Velocity [Chen-Millero, m/s]
# name 17 = density00: Density [density, kg/m^3]
# name 18 = svCM1: Sound Velocity, 2 [Chen-Millero, m/s]
# name 19 = density11: Density, 2 [density, kg/m^3]
# name 20 = turbWETntu0: Turbidity, WET Labs ECO [NTU]
# name 21 = timeQ: Time, NMEA [seconds]
# name 22 = timeY: Time, System [seconds]
# name 23 = modError: Modulo Error Count
# name 24 = sal00: Salinity, Practical [PSU]
# name 25 = svCM: Sound Velocity [Chen-Millero, m/s]
# name 26 = density00: Density [density, kg/m^3]
# name 27 = sal11: Salinity, Practical, 2 [PSU]
# name 28 = svCM1: Sound Velocity, 2 [Chen-Millero, m/s]
# name 29 = density11: Density, 2 [density, kg/m^3]
# name 30 = flag: flag
# span 0 =         13,     176648       
# span 1 =  93.128894,  93.214077       
# span 2 =   59.46386,   59.46416       
# span 3 =  -48.45370,  -48.45313       
# span 4 =      0.007,   2032.510       
# span 5 =    -2.6815,     5.7039       
# span 6 =    -4.7766,     5.7138       
# span 7 =  -0.003104,  34.118534       
# span 8 =   0.002937,  34.117668       
# span 9 =    294.168,    778.299       
# span 10 =   -327.780,    875.750      
# span 11 =     0.0022,    34.9813      
# span 12 =     0.0118,    34.9676      
# span 13 =          0,          1      
# span 14 =    -0.5366,     9.6565      
# span 15 =       1.05,      99.97      
# span 16 =    1390.01,    1497.48      
# span 17 =   999.7752,  1037.1102      
# span 18 =    1376.98,    1497.46      
# span 19 =   999.3134,  1037.0994      
# span 20 =    -0.2486,    24.3404      
# span 21 =  815532917,  828508104      
# span 22 = 1775185536, 1775192897      
# span 23 =          0,          0      
# span 24 =    -0.0012,    34.9866      
# span 25 =    1390.00,    1497.48      
# span 26 =   999.7733,  1037.1101      
# span 27 =    -0.0028,    34.9724      
# span 28 =    1376.96,    1497.46      
# span 29 =   999.3009,  1037.0994      
# span 30 = 0.0000e+00, 0.0000e+00      
# interval = seconds: 1                 
# start_time = Apr 03 2026 03:05:36 [System UTC, first data scan.]
# bad_flag = -9.990e-29
*END*
[from data line 3696]
      88717  93.171672   59.46396  -48.45360   1522.621     3.4945     3.4946  32.702759  32.690917    307.099    170.385    34.9181    34.9039          1    -0.0332      64.44    1489.54  1034.7678    1489.52  1034.7567     0.0002  828504440 1775189232          0    34.9181    1489.54  1034.7678    34.9039    1489.52  1034.7567 0.0000e+00
      88741  93.171684   59.46396  -48.45362   1522.363     3.4948     3.4946  32.702783  32.690686    307.194    170.281    34.9179    34.9038          1    -0.0296      96.08    1489.54  1034.7664    1489.52  1034.7554    -0.0115  828504441 1775189233          0    34.9179    1489.54  1034.7664    34.9038    1489.52  1034.7554 0.0000e+00
      88765  93.171695   59.46396  -48.45362   1521.555     3.4954     3.4950  32.703090  32.690772    307.358    170.334    34.9180    34.9038          1    -0.0355      79.39    1489.53  1034.7628    1489.51  1034.7517    -0.0214  828504442 1775189234          0    34.9181    1489.53  1034.7628    34.9039    1489.51  1034.7517 0.0000e+00
      88789  93.171707   59.46396  -48.45360   1520.998     3.4954     3.4951  32.702836  32.690658    307.328    170.598    34.9180    34.9039          1    -0.0345      74.01    1489.52  1034.7603    1489.50  1034.7492    -0.0209  828504443 1775189235          0    34.9180    1489.52  1034.7603    34.9039    1489.50  1034.7492 0.0000e+00
      88813  93.171718   59.46396  -48.45360   1521.450     3.4955     3.4952  32.703407  32.691171    307.288    170.305    34.9184    34.9041          1    -0.0382      95.19    1489.53  1034.7626    1489.51  1034.7514    -0.0152  828504444 1775189236          0    34.9184    1489.53  1034.7626    34.9041    1489.51  1034.7514 0.0000e+00
      88837  93.171730   59.46396  -48.45360   1522.719     3.4954     3.4951  32.703875  32.691622    307.284    170.239    34.9183    34.9041          1    -0.0253      89.31    1489.55  1034.7683    1489.53  1034.7572    -0.0093  828504445 1775189237          0    34.9184    1489.55  1034.7683    34.9041    1489.53  1034.7572 0.0000e+00
      88861  93.171742   59.46398  -48.45362   1523.667     3.4947     3.4943  32.703397  32.691149    307.099    170.200    34.9181    34.9039          1    -0.0244      67.96    1489.56  1034.7725    1489.54  1034.7614    -0.0092  828504446 1775189238          0    34.9182    1489.56  1034.7725    34.9039    1489.54  1034.7614 0.0000e+00
      88885  93.171753   59.46398  -48.45360   1523.105     3.4954     3.4950  32.703800  32.691380    306.696    170.201    34.9181    34.9038          1    -0.0257      97.48    1489.55  1034.7699    1489.53  1034.7587    -0.0036  828504447 1775189239          0    34.9181    1489.55  1034.7699    34.9038    1489.53  1034.7587 0.0000e+00
      88909  93.171765   59.46398  -48.45360   1521.731     3.4961     3.4958  32.703842  32.691529    307.020    170.558    34.9180    34.9037          1    -0.0352      94.33    1489.53  1034.7635    1489.51  1034.7523    -0.0031  828504448 1775189240          0    34.9181    1489.53  1034.7635    34.9038    1489.51  1034.7524 0.0000e+00
      88933  93.171776   59.46398  -48.45360   1520.223     3.4958     3.4955  32.703011  32.690735    307.453    170.521    34.9181    34.9039          1    -0.0259      94.07    1489.51  1034.7568    1489.49  1034.7457    -0.0077  828504449 1775189241          0    34.9182    1489.51  1034.7568    34.9040    1489.49  1034.7457 0.0000e+00
      88957  93.171788   59.46398  -48.45360   1519.431     3.4959     3.4954  32.702819  32.690532    307.563    170.302    34.9182    34.9041          1    -0.0330      99.85    1489.50  1034.7533    1489.47  1034.7423    -0.0092  828504450 1775189242          0    34.9182    1489.49  1034.7533    34.9041    1489.47  1034.7423 0.0000e+00
      88981  93.171800   59.46398  -48.45360   1519.840     3.4959     3.4957  32.703057  32.690841    307.311    170.270    34.9183    34.9041          1    -0.0370      88.37    1489.50  1034.7552    1489.48  1034.7440    -0.0092  828504451 1775189243          0    34.9183    1489.50  1034.7552    34.9041    1489.48  1034.7440 0.0000e+00
      89005  93.171811   59.46398  -48.45360   1521.094     3.4959     3.4959  32.703639  32.691539    307.245    170.275    34.9184    34.9041          1    -0.0310      97.85    1489.52  1034.7610    1489.50  1034.7497    -0.0056  828504452 1775189244          0    34.9184    1489.52  1034.7609    34.9040    1489.50  1034.7497 0.0000e+00
      89029  93.171823   59.46398  -48.45360   1522.703     3.4956     3.4956  32.704091  32.691973    307.469    170.112    34.9184    34.9041          1    -0.0185      96.85    1489.55  1034.7683    1489.53  1034.7570    -0.0059  828504453 1775189245          0    34.9184    1489.55  1034.7683    34.9041    1489.53  1034.7570 0.0000e+00
      89053  93.171834   59.46400  -48.45360   1523.934     3.4954     3.4951  32.704294  32.692112    307.263    169.920    34.9182    34.9041          1    -0.0185      99.52    1489.57  1034.7737    1489.55  1034.7626    -0.0120  828504454 1775189246          0    34.9182    1489.57  1034.7737    34.9041    1489.55  1034.7626 0.0000e+00
      89077  93.171846   59.46400  -48.45358   1523.818     3.4959     3.4954  32.704468  32.692193    307.076    169.923    34.9181    34.9039          1    -0.0268      99.86    1489.57  1034.7730    1489.55  1034.7620    -0.0176  828504455 1775189247          0    34.9181    1489.57  1034.7730    34.9039    1489.55  1034.7620 0.0000e+00
      89101  93.171857   59.46400  -48.45358   1522.774     3.4965     3.4961  32.704568  32.692372    306.942    170.287    34.9181    34.9039          1    -0.0319      99.86    1489.55  1034.7682    1489.53  1034.7571    -0.0147  828504456 1775189248          0    34.9180    1489.55  1034.7682    34.9039    1489.53  1034.7572 0.0000e+00
      89125  93.171869   59.46398  -48.45358   1521.408     3.4963     3.4959  32.703926  32.691523    307.092    170.224    34.9181    34.9038          1    -0.0439      70.12    1489.53  1034.7621    1489.51  1034.7509    -0.0023  828504457 1775189249          0    34.9181    1489.53  1034.7621    34.9038    1489.51  1034.7509 0.0000e+00
      89149  93.171881   59.46398  -48.45360   1520.330     3.4961     3.4958  32.703246  32.691000    307.430    170.271    34.9181    34.9039          1    -0.0374      94.26    1489.51  1034.7573    1489.49  1034.7461    -0.0018  828504458 1775189250          0    34.9181    1489.51  1034.7572    34.9039    1489.49  1034.7461 0.0000e+00
      89173  93.171892   59.46396  -48.45362   1520.046     3.4960     3.4956  32.703242  32.690937    307.467    170.432    34.9183    34.9041          1    -0.0250      92.39    1489.51  1034.7561    1489.49  1034.7450     0.0030  828504459 1775189251          0    34.9183    1489.51  1034.7561    34.9041    1489.49  1034.7450 0.0000e+00
      89197  93.171904   59.46398  -48.45362   1520.346     3.4958     3.4956  32.703186  32.691031    307.578    170.267    34.9183    34.9041          1    -0.0363      98.52    1489.51  1034.7575    1489.49  1034.7464     0.0017  828504460 1775189252          0    34.9183    1489.51  1034.7575    34.9041    1489.49  1034.7464 0.0000e+00
      89221  93.171915   59.46398  -48.45362   1520.789     3.4958     3.4949  32.703299  32.690596    307.666    170.386    34.9183    34.9041          1    -0.0369      99.85    1489.52  1034.7595    1489.49  1034.7485    -0.0152  828504461 1775189253          0    34.9183    1489.52  1034.7595    34.9041    1489.49  1034.7485 0.0000e+00
      89245  93.171927   59.46400  -48.45360   1521.273     3.4956     3.4952  32.703502  32.691084    307.521    170.229    34.9185    34.9042          1    -0.0368      99.85    1489.52  1034.7618    1489.50  1034.7507    -0.0093  828504462 1775189254          0    34.9184    1489.52  1034.7618    34.9041    1489.50  1034.7507 0.0000e+00
      89269  93.171938   59.46400  -48.45357   1521.968     3.4953     3.4948  32.703434  32.690875    307.170    170.117    34.9183    34.9040          1    -0.0377      94.13    1489.53  1034.7649    1489.51  1034.7538     0.0022  828504463 1775189255          0    34.9183    1489.53  1034.7649    34.9040    1489.51  1034.7537 0.0000e+00
      89293  93.171950   59.46402  -48.45356   1522.968     3.4956     3.4951  32.704130  32.691760    307.346    170.122    34.9184    34.9041          1    -0.0373      88.89    1489.55  1034.7695    1489.53  1034.7583     0.0028  828504464 1775189256          0    34.9184    1489.55  1034.7694    34.9042    1489.53  1034.7583 0.0000e+00
      89317  93.171962   59.46402  -48.45356   1523.854     3.4951     3.4947  32.703846  32.691553    307.317    169.968    34.9181    34.9040          1    -0.0370      85.02    1489.57  1034.7733    1489.55  1034.7623    -0.0090  828504465 1775189257          0    34.9181    1489.57  1034.7733    34.9040    1489.55  1034.7622 0.0000e+00
      89341  93.171973   59.46402  -48.45358   1523.688     3.4955     3.4951  32.704145  32.691823    307.393    170.072    34.9181    34.9039          1    -0.0361      81.66    1489.57  1034.7725    1489.55  1034.7614    -0.0092  828504466 1775189258          0    34.9181    1489.56  1034.7725    34.9039    1489.55  1034.7614 0.0000e+00
      89365  93.171985   59.46402  -48.45360   1522.510     3.4960     3.4956  32.704038  32.691749    307.186    170.301    34.9181    34.9039          1    -0.0349      82.70    1489.55  1034.7671    1489.53  1034.7559    -0.0092  828504467 1775189259          0    34.9181    1489.55  1034.7671    34.9038    1489.53  1034.7559 0.0000e+00
      89389  93.171996   59.46399  -48.45362   1520.858     3.4959     3.4955  32.703254  32.690922    307.313    170.404    34.9180    34.9038          1    -0.0304      82.25    1489.52  1034.7596    1489.50  1034.7484    -0.0092  828504468 1775189260          0    34.9180    1489.52  1034.7596    34.9038    1489.50  1034.7484 0.0000e+00
      89413  93.172008   59.46396  -48.45362   1519.403     3.4956     3.4954  32.702492  32.690341    307.453    170.449    34.9181    34.9039          1    -0.0325      76.33    1489.49  1034.7531    1489.47  1034.7420    -0.0054  828504469 1775189261          0    34.9182    1489.49  1034.7532    34.9040    1489.47  1034.7420 0.0000e+00
      89437  93.172019   59.46396  -48.45360   1518.979     3.4958     3.4956  32.702652  32.690407    307.541    170.432    34.9184    34.9041          1    -0.0377      88.91    1489.49  1034.7514    1489.47  1034.7402    -0.0062  828504470 1775189262          0    34.9183    1489.49  1034.7514    34.9041    1489.47  1034.7402 0.0000e+00
      89461  93.172031   59.46398  -48.45360   1519.844     3.4959     3.4957  32.703097  32.690860    307.437    170.258    34.9184    34.9040          1    -0.0321      98.68    1489.50  1034.7553    1489.48  1034.7440    -0.0092  828504471 1775189263          0    34.9184    1489.50  1034.7553    34.9041    1489.48  1034.7440 0.0000e+00
      89485  93.172043   59.46400  -48.45358   1521.511     3.4960     3.4956  32.703887  32.691485    307.634    170.220    34.9184    34.9040          1    -0.0204      99.85    1489.53  1034.7628    1489.51  1034.7516    -0.0067  828504472 1775189264          0    34.9184    1489.53  1034.7628    34.9040    1489.51  1034.7516 0.0000e+00
      89509  93.172054   59.46402  -48.45358   1523.339     3.4953     3.4952  32.704023  32.691960    307.400    170.104    34.9184    34.9041          1    -0.0204      99.86    1489.56  1034.7712    1489.54  1034.7599    -0.0031  828504473 1775189265          0    34.9184    1489.56  1034.7711    34.9041    1489.54  1034.7600 0.0000e+00
      89533  93.172066   59.46404  -48.45358   1524.049     3.4956     3.4951  32.704384  32.691961    307.002    169.863    34.9182    34.9039          1    -0.0380      99.85    1489.57  1034.7742    1489.55  1034.7630    -0.0028  828504474 1775189266          0    34.9182    1489.57  1034.7742    34.9039    1489.55  1034.7630 0.0000e+00
      89557  93.172077   59.46404  -48.45358   1523.356     3.4962     3.4958  32.704605  32.692270    306.835    170.078    34.9181    34.9039          1    -0.0375      81.35    1489.56  1034.7709    1489.54  1034.7598    -0.0039  828504475 1775189267          0    34.9181    1489.56  1034.7709    34.9039    1489.54  1034.7598 0.0000e+00
      89581  93.172089   59.46402  -48.45358   1522.092     3.4964     3.4961  32.704264  32.691989    307.207    170.512    34.9181    34.9039          1    -0.0369      82.03    1489.54  1034.7651    1489.52  1034.7540    -0.0082  828504476 1775189268          0    34.9181    1489.54  1034.7651    34.9039    1489.52  1034.7540 0.0000e+00
      89605  93.172101   59.46400  -48.45360   1520.838     3.4961     3.4957  32.703642  32.691186    307.363    170.544    34.9183    34.9039          1    -0.0244      99.85    1489.52  1034.7597    1489.50  1034.7484    -0.0039  828504477 1775189269          0    34.9183    1489.52  1034.7596    34.9039    1489.50  1034.7484 0.0000e+00
      89629  93.172112   59.46398  -48.45362   1520.085     3.4962     3.4958  32.703302  32.691005    307.391    170.394    34.9181    34.9040          1    -0.0364      99.85    1489.51  1034.7561    1489.49  1034.7450    -0.0152  828504478 1775189270          0    34.9182    1489.51  1034.7562    34.9040    1489.49  1034.7450 0.0000e+00
      89653  93.172124   59.46398  -48.45364   1520.028     3.4959     3.4955  32.703112  32.690779    307.331    170.382    34.9183    34.9041          1    -0.0355      99.85    1489.50  1034.7560    1489.48  1034.7450    -0.0093  828504479 1775189271          0    34.9183    1489.50  1034.7560    34.9041    1489.48  1034.7449 0.0000e+00
      89677  93.172135   59.46398  -48.45362   1520.359     3.4955     3.4951  32.702826  32.690579    307.268    170.379    34.9183    34.9041          1    -0.0400      90.75    1489.51  1034.7576    1489.49  1034.7465    -0.0031  828504480 1775189272          0    34.9183    1489.51  1034.7576    34.9041    1489.49  1034.7465 0.0000e+00
      89701  93.172147   59.46400  -48.45362   1520.854     3.4955     3.4953  32.703104  32.690905    307.257    170.062    34.9183    34.9040          1    -0.0274      75.98    1489.52  1034.7598    1489.50  1034.7487     0.0022  828504481 1775189273          0    34.9183    1489.52  1034.7598    34.9040    1489.50  1034.7487 0.0000e+00
      89725  93.172158   59.46400  -48.45360   1521.479     3.4956     3.4955  32.703516  32.691378    307.237    170.348    34.9183    34.9041          1    -0.0146      92.42    1489.53  1034.7627    1489.51  1034.7515    -0.0016  828504482 1775189274          0    34.9183    1489.53  1034.7627    34.9041    1489.51  1034.7515 0.0000e+00
      89749  93.172170   59.46402  -48.45360   1522.161     3.4956     3.4954  32.703673  32.691575    307.309    170.271    34.9182    34.9041          1    -0.0224      99.85    1489.54  1034.7656    1489.52  1034.7546    -0.0077  828504483 1775189275          0    34.9182    1489.54  1034.7657    34.9041    1489.52  1034.7546 0.0000e+00
      89773  93.172182   59.46402  -48.45360   1522.760     3.4958     3.4955  32.704146  32.692046    307.336    170.298    34.9183    34.9042          1    -0.0406      99.85    1489.55  1034.7684    1489.53  1034.7574    -0.0092  828504484 1775189276          0    34.9182    1489.55  1034.7684    34.9042    1489.53  1034.7574 0.0000e+00
      89797  93.172193   59.46402  -48.45362   1523.116     3.4959     3.4958  32.704405  32.692167    307.302    170.248    34.9183    34.9039          1    -0.0409      99.85    1489.56  1034.7700    1489.54  1034.7587    -0.0168  828504485 1775189277          0    34.9183    1489.56  1034.7700    34.9039    1489.54  1034.7587 0.0000e+00
